12;1;16;24;0;10;11;21;2;6;14;9;17;4;23;5;15;19;8;13;18;3;28;
Seed Nodes:12;#Step:5;#Percent of Coverage:0;Emergency Index:0.3,0.3,0.3,0.3,0.3;G/L:G;1;8;9;4;1;0
12;1;16;24;10;0;5;11;3;6;2;9;8;21;17;19;14;20;13;25;23;18;22;28;4;15;29;27;
Seed Nodes:12;#Step:5;#Percent of Coverage:0;Emergency Index:0.3,0.3,0.3,0.3,0.3;G/L:R;1;8;14;5;0
12;1;16;24;0;10;11;21;2;6;14;9;17;4;23;5;15;19;8;13;18;3;28;
Seed Nodes:12;#Step:5;#Percent of Coverage:0;Emergency Index:0.3,0.3,0.3,0.3,0.3;G/L:G;1;8;9;4;1;0
10;1;16;24;6;0;2;14;9;8;12;21;17;3;11;20;23;4;28;5;19;22;15;13;18;29;25;
Seed Nodes:10;#Step:5;#Percent of Coverage:0;Emergency Index:0.4,0.4,0.4,0.4,0.4;G/L:G;1;11;11;4;0
12;1;16;24;0;10;11;21;2;5;23;6;3;4;27;14;9;17;8;20;28;19;13;25;18;15;22;7;29;
Seed Nodes:12;#Step:5;#Percent of Coverage:0;Emergency Index:0.5,0.5,0.5,0.5,0.5;G/L:G;1;14;13;1;0
24;1;10;16;12;6;0;2;14;5;9;
Seed Nodes:24;#Step:3;#Percent of Coverage:0;Emergency Index:0.2,0.2,0.2;G/L:G;1;5;4;1
24;1;10;16;12;14;13;22;5;3;6;25;8;0;2;19;4;9;21;28;
Seed Nodes:24;#Step:5;#Percent of Coverage:0;Emergency Index:0.2,0.2,0.2,0.2,0.2;G/L:R;1;5;3;3;6;2
24;1;10;16;12;6;0;2;14;5;9;
Seed Nodes:24;#Step:5;#Percent of Coverage:0;Emergency Index:0.2,0.2,0.2,0.2,0.2;G/L:G;1;5;4;1;0
24;1;10;16;12;14;13;22;20;25;3;2;8;
Seed Nodes:24;#Step:5;#Percent of Coverage:0;Emergency Index:0.2,0.2,0.2,0.2,0.2;G/L:R;1;5;2;1;1;3
24;1;10;16;12;14;0;6;5;2;9;21;8;19;4;28;15;11;
Seed Nodes:24;#Step:5;#Percent of Coverage:0;Emergency Index:0.2,0.2,0.2,0.2,0.2;G/L:R;1;5;3;6;2;1
24;1;10;16;12;6;0;5;14;2;9;17;19;8;11;21;4;23;28;15;13;18;3;
Seed Nodes:24;#Step:5;#Percent of Coverage:0;Emergency Index:0.3,0.3,0.3,0.3,0.3;G/L:G;1;8;9;5;0
10;1;16;24;6;0;2;14;9;17;12;4;8;5;23;19;21;28;11;13;18;3;15;
Seed Nodes:10;#Step:5;#Percent of Coverage:0;Emergency Index:0.3,0.3,0.3,0.3,0.3;G/L:G;1;8;6;7;1;0
10;1;16;24;14;12;6;13;2;20;0;28;5;8;21;9;4;19;18;3;22;23;25;11;27;17;15;29;
Seed Nodes:10;#Step:5;#Percent of Coverage:0;Emergency Index:0.3,0.3,0.3,0.3,0.3;G/L:R;1;8;13;5;1;0
10;1;16;24;6;0;2;14;9;17;12;4;8;5;23;19;21;28;11;13;18;3;15;
Seed Nodes:10;#Step:5;#Percent of Coverage:0;Emergency Index:0.3,0.3,0.3,0.3,0.3;G/L:G;1;8;6;7;1;0
10;1;16;24;14;6;12;2;0;9;8;21;17;20;13;28;5;19;4;18;11;22;23;3;15;29;27;25;
Seed Nodes:10;#Step:5;#Percent of Coverage:0;Emergency Index:0.3,0.3,0.3,0.3,0.3;G/L:R;1;8;14;5;0
10;1;16;24;14;12;6;13;2;20;0;28;5;8;21;9;4;19;18;3;22;23;25;11;27;17;15;29;
Seed Nodes:10;#Step:5;#Percent of Coverage:0;Emergency Index:0.3,0.3,0.3,0.3,0.3;G/L:R;1;8;13;5;1;0
10;1;16;24;6;0;2;14;9;17;12;4;8;5;23;19;21;28;11;13;18;3;15;
Seed Nodes:10;#Step:5;#Percent of Coverage:0;Emergency Index:0.3,0.3,0.3,0.3,0.3;G/L:G;1;8;6;7;1;0
10;1;16;24;6;0;2;14;9;17;12;4;8;5;23;19;21;28;11;13;18;3;15;
Seed Nodes:10;#Step:5;#Percent of Coverage:0;Emergency Index:0.3,0.3,0.3,0.3,0.3;G/L:G;1;8;6;7;1;0
10;1;16;24;14;12;6;13;2;20;0;28;5;8;21;9;4;19;18;3;22;23;25;11;27;17;15;29;
Seed Nodes:10;#Step:5;#Percent of Coverage:0;Emergency Index:0.3,0.3,0.3,0.3,0.3;G/L:R;1;8;13;5;1;0
10;1;24;16;14;12;13;22;2;20;6;28;8;0;5;17;21;27;3;9;19;4;18;25;15;29;11;23;
Seed Nodes:10;#Step:5;#Percent of Coverage:0;Emergency Index:0.3,0.3,0.3,0.3,0.3;G/L:R;1;8;10;8;1;0
10;1;24;16;14;12;13;22;20;5;25;3;17;15;2;6;8;28;21;27;0;29;4;11;9;19;18;23;
Seed Nodes:10;#Step:5;#Percent of Coverage:0;Emergency Index:0.3,0.3,0.3,0.3,0.3;G/L:R;1;8;6;10;3;0
10;1;16;24;14;12;6;13;2;20;0;28;5;8;21;9;4;19;18;3;22;23;25;11;27;17;15;29;
Seed Nodes:10;#Step:5;#Percent of Coverage:0;Emergency Index:0.3,0.3,0.3,0.3,0.3;G/L:R;1;8;13;5;1;0
10;1;16;24;14;6;12;2;0;9;8;21;17;20;13;28;5;19;4;18;11;22;23;3;15;29;27;25;
Seed Nodes:10;#Step:5;#Percent of Coverage:0;Emergency Index:0.3,0.3,0.3,0.3,0.3;G/L:R;1;8;14;5;0
10;1;24;16;14;12;13;22;2;20;6;8;0;28;5;21;17;27;3;9;19;4;18;25;15;29;11;23;
Seed Nodes:10;#Step:5;#Percent of Coverage:0;Emergency Index:0.3,0.3,0.3,0.3,0.3;G/L:R;1;8;10;8;1;0
10;1;24;16;14;12;13;22;20;5;25;3;17;15;2;6;8;28;27;21;29;4;11;9;0;19;18;23;
Seed Nodes:10;#Step:5;#Percent of Coverage:0;Emergency Index:0.3,0.3,0.3,0.3,0.3;G/L:R;1;8;6;9;4;0
10;1;16;24;6;0;2;14;9;17;12;4;8;5;23;19;21;28;11;13;18;3;15;
Seed Nodes:10;#Step:5;#Percent of Coverage:0;Emergency Index:0.3,0.3,0.3,0.3,0.3;G/L:G;1;8;6;7;1;0
10;1;16;24;14;12;6;13;2;20;0;28;5;8;21;9;4;19;18;3;22;23;25;11;27;17;15;29;
Seed Nodes:10;#Step:5;#Percent of Coverage:0;Emergency Index:0.3,0.3,0.3,0.3,0.3;G/L:R;1;8;13;5;1;0
10;1;24;16;14;12;13;22;2;20;6;28;8;0;5;17;21;27;3;9;19;4;18;25;15;29;11;23;
Seed Nodes:10;#Step:5;#Percent of Coverage:0;Emergency Index:0.3,0.3,0.3,0.3,0.3;G/L:R;1;8;10;8;1;0
10;1;16;24;14;6;12;2;0;9;8;21;17;20;13;28;5;19;4;18;11;22;23;3;15;29;27;25;
Seed Nodes:10;#Step:5;#Percent of Coverage:0;Emergency Index:0.3,0.3,0.3,0.3,0.3;G/L:R;1;8;14;5;0
10;1;24;16;14;12;13;2;6;20;22;0;28;8;21;5;17;9;19;4;18;3;23;25;15;29;11;27;
Seed Nodes:10;#Step:5;#Percent of Coverage:0;Emergency Index:0.3,0.3,0.3,0.3,0.3;G/L:R;1;8;14;5;0
10;1;24;16;14;12;13;22;2;20;6;8;0;28;5;21;17;27;3;9;19;4;18;25;15;29;11;23;
Seed Nodes:10;#Step:5;#Percent of Coverage:0;Emergency Index:0.3,0.3,0.3,0.3,0.3;G/L:R;1;8;10;8;1;0
10;1;24;16;14;12;13;22;20;5;25;3;17;15;2;6;8;28;27;21;29;4;11;9;0;19;18;23;
Seed Nodes:10;#Step:5;#Percent of Coverage:0;Emergency Index:0.3,0.3,0.3,0.3,0.3;G/L:R;1;8;6;9;4;0
10;1;16;24;14;12;6;13;2;20;0;28;5;8;21;9;4;19;18;3;22;23;25;11;27;17;15;29;
Seed Nodes:10;#Step:5;#Percent of Coverage:0;Emergency Index:0.3,0.3,0.3,0.3,0.3;G/L:R;1;8;13;5;1;0
10;1;24;16;14;12;13;22;2;20;6;8;0;28;5;21;17;27;3;9;19;4;18;25;15;29;11;23;
Seed Nodes:10;#Step:5;#Percent of Coverage:0;Emergency Index:0.3,0.3,0.3,0.3,0.3;G/L:R;1;8;10;8;1;0
