0.11	0	411.3	0.079865772
0.11	0.001	411	0.080536913
0.11	0.002	415.1	0.071364653
0.11	0.003	418.4	0.063982103
0.11	0.004	422.5	0.054809843
0.11	0.005	410.5	0.081655481
0.11	0.006	420.3	0.059731544
0.11	0.007	411.6	0.079194631
0.11	0.008	422.2	0.055480984
0.11	0.009	414.7	0.072259508
0.11	0.01	415.1	0.071364653
0.11	0.011	418.4	0.063982103
0.11	0.012	418.7	0.063310962
0.11	0.013	410.7	0.081208054
0.11	0.014	426.6	0.045637584
0.11	0.015	419.8	0.060850112
0.11	0.016	426.3	0.046308725
0.11	0.017	428.1	0.042281879
0.11	0.018	423.2	0.053243848
0.11	0.019	420.9	0.058389262
0.11	0.02	415.8	0.069798658
0.11	0.021	422	0.055928412
0.11	0.022	427.8	0.04295302
0.11	0.023	427.9	0.042729306
0.11	0.024	428.9	0.04049217
0.11	0.025	423	0.053691275
0.11	0.026	425.6	0.04787472
0.11	0.027	421.7	0.056599553
0.11	0.028	428.9	0.04049217
0.11	0.029	429.2	0.039821029
0.11	0.03	423.7	0.05212528
0.11	0.031	431.2	0.035346756
0.11	0.032	427.4	0.043847875
0.11	0.033	435.4	0.025950783
0.11	0.034	430.2	0.037583893
0.11	0.035	431.8	0.034004474
0.11	0.036	420.3	0.059731544
0.11	0.037	426.6	0.045637584
0.11	0.038	435.8	0.025055928
0.11	0.039	431.3	0.035123043
0.11	0.04	427.2	0.044295302
0.11	0.041	424.4	0.050559284
0.11	0.042	432.5	0.032438479
0.11	0.043	433.1	0.031096197
0.11	0.044	431.2	0.035346756
0.11	0.045	431.7	0.034228188
0.11	0.046	431.8	0.034004474
0.11	0.047	441.5	0.012304251
0.11	0.048	431.9	0.033780761
0.11	0.049	433.5	0.030201342
0.11	0.05	426.2	0.046532438
0.11	0.051	432.9	0.031543624
0.11	0.052	439.9	0.015883669
0.11	0.053	433	0.031319911
0.11	0.054	438.4	0.019239374
0.11	0.055	438.2	0.019686801
0.11	0.056	441.6	0.012080537
0.11	0.057	435.8	0.025055928
0.11	0.058	434.3	0.028411633
0.11	0.059	437.3	0.021700224
0.11	0.06	433	0.031319911
0.11	0.061	435.6	0.025503356
0.11	0.062	445.6	0.003131991
0.11	0.063	432.3	0.032885906
0.11	0.064	433.9	0.029306488
0.11	0.065	441.3	0.012751678
0.11	0.066	447.6	0.001342282
0.11	0.067	440.5	0.014541387
0.11	0.068	445.1	0.004250559
0.11	0.069	440.2	0.015212528
0.11	0.07	444.6	0.005369128
0.11	0.071	444	0.006711409
0.11	0.072	445.1	0.004250559
0.11	0.073	442.1	0.010961969
0.11	0.074	436.8	0.022818792
0.11	0.075	446.2	0.001789709
0.11	0.076	444	0.006711409
0.11	0.077	444.8	0.0049217
0.11	0.078	441.9	0.011409396
0.11	0.079	448.9	0.004250559
0.11	0.08	442.1	0.010961969
0.11	0.081	442.7	0.009619687
0.11	0.082	444.2	0.006263982
0.11	0.083	449.5	0.005592841
0.11	0.084	445.6	0.003131991
0.11	0.085	453.5	0.014541387
0.11	0.086	453.4	0.014317673
0.11	0.087	453	0.013422819
0.11	0.088	446.1	0.002013423
0.11	0.089	445.3	0.003803132
0.11	0.09	452.5	0.012304251
0.11	0.091	446.4	0.001342282
0.11	0.092	451.3	0.009619687
0.11	0.093	448.2	0.002684564
0.11	0.094	456.5	0.021252796
0.11	0.095	453	0.013422819
0.11	0.096	454.4	0.01655481
0.11	0.097	449.2	0.0049217
0.11	0.098	448.7	0.003803132
0.11	0.099	449.2	0.0049217
0.11	0.1	454.5	0.016778523
0.11	0.101	446.5	0.001118568
0.11	0.102	451.7	0.010514541
0.11	0.103	457	0.022371365
0.11	0.104	451.4	0.0098434
0.11	0.105	460.1	0.029306488
0.11	0.106	448.7	0.003803132
0.11	0.107	458.5	0.025727069
0.11	0.108	454.7	0.017225951
0.11	0.109	458.4	0.025503356
0.111	0	411.3	0.079865772
0.111	0.001	421	0.058165548
0.111	0.002	418	0.064876957
0.111	0.003	413.5	0.074944072
0.111	0.004	416.7	0.067785235
0.111	0.005	417.9	0.065100671
0.111	0.006	418.8	0.063087248
0.111	0.007	418.8	0.063087248
0.111	0.008	424.5	0.05033557
0.111	0.009	416.8	0.067561521
0.111	0.01	417.9	0.065100671
0.111	0.011	424.6	0.050111857
0.111	0.012	420.1	0.060178971
0.111	0.013	423.2	0.053243848
0.111	0.014	425.2	0.048769575
0.111	0.015	422.7	0.054362416
0.111	0.016	418.4	0.063982103
0.111	0.017	420.2	0.059955257
0.111	0.018	427.8	0.04295302
0.111	0.019	425.9	0.047203579
0.111	0.02	424.4	0.050559284
0.111	0.021	424.3	0.050782998
0.111	0.022	430.6	0.036689038
0.111	0.023	428.9	0.04049217
0.111	0.024	425.6	0.04787472
0.111	0.025	423.7	0.05212528
0.111	0.026	423.3	0.053020134
0.111	0.027	426	0.046979866
0.111	0.028	430.8	0.036241611
0.111	0.029	423.7	0.05212528
0.111	0.03	424.2	0.051006711
0.111	0.031	426.5	0.045861298
0.111	0.032	427.9	0.042729306
0.111	0.033	428	0.042505593
0.111	0.034	438	0.020134228
0.111	0.035	429.4	0.039373602
0.111	0.036	426.7	0.04541387
0.111	0.037	422.3	0.055257271
0.111	0.038	431.1	0.03557047
0.111	0.039	439	0.017897092
0.111	0.04	426.3	0.046308725
0.111	0.041	438.2	0.019686801
0.111	0.042	434.3	0.028411633
0.111	0.043	430.7	0.036465324
0.111	0.044	434.9	0.027069351
0.111	0.045	433.3	0.03064877
0.111	0.046	430.9	0.036017897
0.111	0.047	438.7	0.018568233
0.111	0.048	441.9	0.011409396
0.111	0.049	435.2	0.02639821
0.111	0.05	435.8	0.025055928
0.111	0.051	434.4	0.028187919
0.111	0.052	438.6	0.018791946
0.111	0.053	445.9	0.00246085
0.111	0.054	430.7	0.036465324
0.111	0.055	438.6	0.018791946
0.111	0.056	440.7	0.01409396
0.111	0.057	433.5	0.030201342
0.111	0.058	438.9	0.018120805
0.111	0.059	443.1	0.008724832
0.111	0.06	447.9	0.002013423
0.111	0.061	446.9	0.000223714
0.111	0.062	443.8	0.007158837
0.111	0.063	447.9	0.002013423
0.111	0.064	435.3	0.026174497
0.111	0.065	437	0.022371365
0.111	0.066	440.4	0.014765101
0.111	0.067	442.2	0.010738255
0.111	0.068	445.3	0.003803132
0.111	0.069	443.1	0.008724832
0.111	0.07	444.7	0.005145414
0.111	0.071	439.2	0.017449664
0.111	0.072	446.2	0.001789709
0.111	0.073	445.3	0.003803132
0.111	0.074	447.4	0.000894855
0.111	0.075	444.9	0.004697987
0.111	0.076	456	0.020134228
0.111	0.077	448.4	0.003131991
0.111	0.078	445.6	0.003131991
0.111	0.079	438.3	0.019463087
0.111	0.08	443.6	0.007606264
0.111	0.081	449.8	0.006263982
0.111	0.082	447.6	0.001342282
0.111	0.083	443.8	0.007158837
0.111	0.084	445.7	0.002908277
0.111	0.085	456.3	0.020805369
0.111	0.086	451.3	0.009619687
0.111	0.087	451	0.008948546
0.111	0.088	445.3	0.003803132
0.111	0.089	450.8	0.008501119
0.111	0.09	449.8	0.006263982
0.111	0.091	452.1	0.011409396
0.111	0.092	451.3	0.009619687
0.111	0.093	460.3	0.029753915
0.111	0.094	444.8	0.0049217
0.111	0.095	456.5	0.021252796
0.111	0.096	457.8	0.024161074
0.111	0.097	457.1	0.022595078
0.111	0.098	452.6	0.012527964
0.111	0.099	448.9	0.004250559
0.111	0.1	457.4	0.023266219
0.111	0.101	456.2	0.020581655
0.111	0.102	451.1	0.00917226
0.111	0.103	455.4	0.018791946
0.111	0.104	452.1	0.011409396
0.111	0.105	457.2	0.022818792
0.111	0.106	453.9	0.015436242
0.111	0.107	461.5	0.032438479
0.111	0.108	455.6	0.019239374
0.111	0.109	462.7	0.035123043
0.111	0.11	457.8	0.024161074
0.112	0	417.2	0.066666667
0.112	0.001	419.4	0.061744966
0.112	0.002	417.9	0.065100671
0.112	0.003	419.4	0.061744966
0.112	0.004	412.9	0.076286353
0.112	0.005	416.9	0.067337808
0.112	0.006	420.4	0.05950783
0.112	0.007	424.5	0.05033557
0.112	0.008	430.2	0.037583893
0.112	0.009	424.8	0.04966443
0.112	0.01	417.7	0.065548098
0.112	0.011	423.2	0.053243848
0.112	0.012	423.7	0.05212528
0.112	0.013	426.1	0.046756152
0.112	0.014	428.5	0.041387025
0.112	0.015	422.2	0.055480984
0.112	0.016	426.5	0.045861298
0.112	0.017	418.7	0.063310962
0.112	0.018	429.9	0.038255034
0.112	0.019	424.4	0.050559284
0.112	0.02	430	0.03803132
0.112	0.021	419.5	0.061521253
0.112	0.022	417.7	0.065548098
0.112	0.023	425.7	0.047651007
0.112	0.024	424.7	0.049888143
0.112	0.025	421	0.058165548
0.112	0.026	429.6	0.038926174
0.112	0.027	437.3	0.021700224
0.112	0.028	437.9	0.020357942
0.112	0.029	430.4	0.037136465
0.112	0.03	437.3	0.021700224
0.112	0.031	429.3	0.039597315
0.112	0.032	421.7	0.056599553
0.112	0.033	428.5	0.041387025
0.112	0.034	435.5	0.025727069
0.112	0.035	430.4	0.037136465
0.112	0.036	434.8	0.027293065
0.112	0.037	428.1	0.042281879
0.112	0.038	433.3	0.03064877
0.112	0.039	425.8	0.047427293
0.112	0.04	431.3	0.035123043
0.112	0.041	435.5	0.025727069
0.112	0.042	436	0.024608501
0.112	0.043	434.8	0.027293065
0.112	0.044	438.8	0.018344519
0.112	0.045	440.1	0.015436242
0.112	0.046	433	0.031319911
0.112	0.047	434.5	0.027964206
0.112	0.048	433.6	0.029977629
0.112	0.049	434.3	0.028411633
0.112	0.05	435.7	0.025279642
0.112	0.051	431.1	0.03557047
0.112	0.052	434	0.029082774
0.112	0.053	440.1	0.015436242
0.112	0.054	436.9	0.022595078
0.112	0.055	438.1	0.019910515
0.112	0.056	433.9	0.029306488
0.112	0.057	439.4	0.017002237
0.112	0.058	444.7	0.005145414
0.112	0.059	435.3	0.026174497
0.112	0.06	436.4	0.023713647
0.112	0.061	438	0.020134228
0.112	0.062	438.7	0.018568233
0.112	0.063	441.9	0.011409396
0.112	0.064	446.8	0.000447427
0.112	0.065	444.7	0.005145414
0.112	0.066	442.9	0.00917226
0.112	0.067	441.9	0.011409396
0.112	0.068	449.7	0.006040268
0.112	0.069	448.2	0.002684564
0.112	0.07	440.2	0.015212528
0.112	0.071	445.3	0.003803132
0.112	0.072	441.6	0.012080537
0.112	0.073	446.6	0.000894855
0.112	0.074	445.6	0.003131991
0.112	0.075	446.2	0.001789709
0.112	0.076	457.2	0.022818792
0.112	0.077	443.1	0.008724832
0.112	0.078	443.9	0.006935123
0.112	0.079	455.4	0.018791946
0.112	0.08	447.2	0.000447427
0.112	0.081	459.5	0.027964206
0.112	0.082	451.5	0.010067114
0.112	0.083	457.1	0.022595078
0.112	0.084	456.5	0.021252796
0.112	0.085	452.2	0.01163311
0.112	0.086	448.9	0.004250559
0.112	0.087	455.9	0.019910515
0.112	0.088	458.4	0.025503356
0.112	0.089	449.5	0.005592841
0.112	0.09	443	0.008948546
0.112	0.091	456.5	0.021252796
0.112	0.092	456.8	0.021923937
0.112	0.093	451.9	0.010961969
0.112	0.094	446	0.002237136
0.112	0.095	455.1	0.018120805
0.112	0.096	454.2	0.016107383
0.112	0.097	460.5	0.030201342
0.112	0.098	453.5	0.014541387
0.112	0.099	457	0.022371365
0.112	0.1	453.8	0.015212528
0.112	0.101	451.2	0.009395973
0.112	0.102	458.1	0.024832215
0.112	0.103	453.2	0.013870246
0.112	0.104	454.5	0.016778523
0.112	0.105	460.6	0.030425056
0.112	0.106	452.1	0.011409396
0.112	0.107	453.9	0.015436242
0.112	0.108	458.1	0.024832215
0.112	0.109	457.3	0.023042506
0.112	0.11	462.7	0.035123043
0.112	0.111	464.9	0.040044743
0.113	0	417.9	0.065100671
0.113	0.001	419.2	0.062192394
0.113	0.002	425.1	0.048993289
0.113	0.003	420.9	0.058389262
0.113	0.004	424.6	0.050111857
0.113	0.005	422.9	0.053914989
0.113	0.006	421.8	0.056375839
0.113	0.007	420.4	0.05950783
0.113	0.008	422.6	0.05458613
0.113	0.009	420	0.060402685
0.113	0.01	431.9	0.033780761
0.113	0.011	426.9	0.044966443
0.113	0.012	420.5	0.059284116
0.113	0.013	430.7	0.036465324
0.113	0.014	421.9	0.056152125
0.113	0.015	426.9	0.044966443
0.113	0.016	426.1	0.046756152
0.113	0.017	423.6	0.052348993
0.113	0.018	422.2	0.055480984
0.113	0.019	437.4	0.02147651
0.113	0.02	429.5	0.039149888
0.113	0.021	435.5	0.025727069
0.113	0.022	430.8	0.036241611
0.113	0.023	428.5	0.041387025
0.113	0.024	426.3	0.046308725
0.113	0.025	426.6	0.045637584
0.113	0.026	429.8	0.038478747
0.113	0.027	430.6	0.036689038
0.113	0.028	432.2	0.03310962
0.113	0.029	425.1	0.048993289
0.113	0.03	434.5	0.027964206
0.113	0.031	427	0.044742729
0.113	0.032	432.4	0.032662192
0.113	0.033	439.8	0.016107383
0.113	0.034	434.9	0.027069351
0.113	0.035	437.5	0.021252796
0.113	0.036	433.3	0.03064877
0.113	0.037	433.8	0.029530201
0.113	0.038	432.9	0.031543624
0.113	0.039	430.3	0.037360179
0.113	0.04	441	0.013422819
0.113	0.041	437.2	0.021923937
0.113	0.042	430.8	0.036241611
0.113	0.043	437.1	0.022147651
0.113	0.044	435.7	0.025279642
0.113	0.045	440.5	0.014541387
0.113	0.046	441.2	0.012975391
0.113	0.047	439.3	0.017225951
0.113	0.048	440.1	0.015436242
0.113	0.049	442.3	0.010514541
0.113	0.05	430.4	0.037136465
0.113	0.051	441	0.013422819
0.113	0.052	434.1	0.02885906
0.113	0.053	441	0.013422819
0.113	0.054	437.7	0.020805369
0.113	0.055	437.6	0.021029083
0.113	0.056	442.7	0.009619687
0.113	0.057	443.5	0.007829978
0.113	0.058	441.6	0.012080537
0.113	0.059	452.6	0.012527964
0.113	0.06	442.3	0.010514541
0.113	0.061	439.6	0.01655481
0.113	0.062	447.8	0.001789709
0.113	0.063	444.5	0.005592841
0.113	0.064	448.9	0.004250559
0.113	0.065	450.9	0.008724832
0.113	0.066	443.3	0.008277405
0.113	0.067	444.3	0.006040268
0.113	0.068	443.2	0.008501119
0.113	0.069	446.2	0.001789709
0.113	0.07	439.6	0.01655481
0.113	0.071	452.1	0.011409396
0.113	0.072	448.4	0.003131991
0.113	0.073	447.2	0.000447427
0.113	0.074	451.3	0.009619687
0.113	0.075	450	0.006711409
0.113	0.076	453.5	0.014541387
0.113	0.077	446.5	0.001118568
0.113	0.078	451.5	0.010067114
0.113	0.079	450.5	0.007829978
0.113	0.08	452.7	0.012751678
0.113	0.081	449.1	0.004697987
0.113	0.082	451.8	0.010738255
0.113	0.083	458.2	0.025055928
0.113	0.084	449.4	0.005369128
0.113	0.085	450.3	0.00738255
0.113	0.086	452.6	0.012527964
0.113	0.087	454.4	0.01655481
0.113	0.088	457.8	0.024161074
0.113	0.089	446.4	0.001342282
0.113	0.09	451.3	0.009619687
0.113	0.091	461.5	0.032438479
0.113	0.092	455.9	0.019910515
0.113	0.093	456.2	0.020581655
0.113	0.094	457.5	0.023489933
0.113	0.095	460	0.029082774
0.113	0.096	454.4	0.01655481
0.113	0.097	456.4	0.021029083
0.113	0.098	460.7	0.03064877
0.113	0.099	456.5	0.021252796
0.113	0.1	462.9	0.03557047
0.113	0.101	448.6	0.003579418
0.113	0.102	456.4	0.021029083
0.113	0.103	467.8	0.046532438
0.113	0.104	456.7	0.021700224
0.113	0.105	457.9	0.024384787
0.113	0.106	461.3	0.031991051
0.113	0.107	464.5	0.039149888
0.113	0.108	458.4	0.025503356
0.113	0.109	454.5	0.016778523
0.113	0.11	460.3	0.029753915
0.113	0.111	462.3	0.034228188
0.113	0.112	459.2	0.027293065
0.114	0	420.5	0.059284116
0.114	0.001	424	0.051454139
0.114	0.002	421.7	0.056599553
0.114	0.003	425.5	0.048098434
0.114	0.004	422.6	0.05458613
0.114	0.005	421.9	0.056152125
0.114	0.006	424.9	0.049440716
0.114	0.007	424.6	0.050111857
0.114	0.008	421.6	0.056823266
0.114	0.009	425.6	0.04787472
0.114	0.01	427.3	0.044071588
0.114	0.011	419.3	0.06196868
0.114	0.012	431.4	0.034899329
0.114	0.013	428.1	0.042281879
0.114	0.014	428	0.042505593
0.114	0.015	423.9	0.051677852
0.114	0.016	420.6	0.059060403
0.114	0.017	426	0.046979866
0.114	0.018	434.4	0.028187919
0.114	0.019	426.9	0.044966443
0.114	0.02	427	0.044742729
0.114	0.021	429.8	0.038478747
0.114	0.022	426.1	0.046756152
0.114	0.023	429.4	0.039373602
0.114	0.024	435	0.026845638
0.114	0.025	436.7	0.023042506
0.114	0.026	431.4	0.034899329
0.114	0.027	429.5	0.039149888
0.114	0.028	431.1	0.03557047
0.114	0.029	431	0.035794183
0.114	0.03	436	0.024608501
0.114	0.031	431.5	0.034675615
0.114	0.032	439.4	0.017002237
0.114	0.033	436.3	0.02393736
0.114	0.034	440.4	0.014765101
0.114	0.035	434.4	0.028187919
0.114	0.036	433.7	0.029753915
0.114	0.037	434	0.029082774
0.114	0.038	447.4	0.000894855
0.114	0.039	437.9	0.020357942
0.114	0.04	432.6	0.032214765
0.114	0.041	439.6	0.01655481
0.114	0.042	435.2	0.02639821
0.114	0.043	440.2	0.015212528
0.114	0.044	437.7	0.020805369
0.114	0.045	434.9	0.027069351
0.114	0.046	436.5	0.023489933
0.114	0.047	436.1	0.024384787
0.114	0.048	443.6	0.007606264
0.114	0.049	436	0.024608501
0.114	0.05	441.5	0.012304251
0.114	0.051	438.9	0.018120805
0.114	0.052	440.1	0.015436242
0.114	0.053	436.5	0.023489933
0.114	0.054	443.5	0.007829978
0.114	0.055	440	0.015659955
0.114	0.056	434.9	0.027069351
0.114	0.057	444.4	0.005816555
0.114	0.058	442.8	0.009395973
0.114	0.059	441.7	0.011856823
0.114	0.06	451.7	0.010514541
0.114	0.061	447.3	0.000671141
0.114	0.062	438.8	0.018344519
0.114	0.063	444	0.006711409
0.114	0.064	444.9	0.004697987
0.114	0.065	446.6	0.000894855
0.114	0.066	456.9	0.022147651
0.114	0.067	449.9	0.006487696
0.114	0.068	448.6	0.003579418
0.114	0.069	450.6	0.008053691
0.114	0.07	453.4	0.014317673
0.114	0.071	454.8	0.017449664
0.114	0.072	446.5	0.001118568
0.114	0.073	458.9	0.026621924
0.114	0.074	450.1	0.006935123
0.114	0.075	448.1	0.00246085
0.114	0.076	448	0.002237136
0.114	0.077	455.3	0.018568233
0.114	0.078	447.2	0.000447427
0.114	0.079	452.1	0.011409396
0.114	0.08	451.6	0.010290828
0.114	0.081	459.6	0.028187919
0.114	0.082	456.2	0.020581655
0.114	0.083	453.2	0.013870246
0.114	0.084	455.2	0.018344519
0.114	0.085	447.6	0.001342282
0.114	0.086	462	0.033557047
0.114	0.087	458.5	0.025727069
0.114	0.088	451.1	0.00917226
0.114	0.089	451.8	0.010738255
0.114	0.09	454.1	0.015883669
0.114	0.091	461.5	0.032438479
0.114	0.092	462.3	0.034228188
0.114	0.093	459.8	0.028635347
0.114	0.094	459.1	0.027069351
0.114	0.095	461.3	0.031991051
0.114	0.096	459.2	0.027293065
0.114	0.097	461.2	0.031767338
0.114	0.098	462.6	0.034899329
0.114	0.099	463	0.035794183
0.114	0.1	460.6	0.030425056
0.114	0.101	464.6	0.039373602
0.114	0.102	462.2	0.034004474
0.114	0.103	458.3	0.025279642
0.114	0.104	464	0.03803132
0.114	0.105	457.2	0.022818792
0.114	0.106	463.7	0.037360179
0.114	0.107	462.1	0.033780761
0.114	0.108	465.5	0.041387025
0.114	0.109	455.2	0.018344519
0.114	0.11	471.3	0.054362416
0.114	0.111	470.5	0.052572707
0.114	0.112	471.9	0.055704698
0.114	0.113	463.4	0.036689038
0.115	0	426.3	0.046308725
0.115	0.001	431.4	0.034899329
0.115	0.002	425.8	0.047427293
0.115	0.003	417.2	0.066666667
0.115	0.004	426.7	0.04541387
0.115	0.005	428.9	0.04049217
0.115	0.006	425.4	0.048322148
0.115	0.007	423.8	0.051901566
0.115	0.008	422.9	0.053914989
0.115	0.009	423.9	0.051677852
0.115	0.01	427.3	0.044071588
0.115	0.011	428.9	0.04049217
0.115	0.012	428.6	0.041163311
0.115	0.013	429.7	0.038702461
0.115	0.014	432.5	0.032438479
0.115	0.015	433.1	0.031096197
0.115	0.016	429.9	0.038255034
0.115	0.017	431.7	0.034228188
0.115	0.018	421.3	0.057494407
0.115	0.019	432.3	0.032885906
0.115	0.02	433.1	0.031096197
0.115	0.021	433.8	0.029530201
0.115	0.022	429.6	0.038926174
0.115	0.023	433.3	0.03064877
0.115	0.024	437.2	0.021923937
0.115	0.025	430.5	0.036912752
0.115	0.026	437.6	0.021029083
0.115	0.027	436.3	0.02393736
0.115	0.028	439	0.017897092
0.115	0.029	438.3	0.019463087
0.115	0.03	437.2	0.021923937
0.115	0.031	431.5	0.034675615
0.115	0.032	436	0.024608501
0.115	0.033	436.7	0.023042506
0.115	0.034	433.8	0.029530201
0.115	0.035	437	0.022371365
0.115	0.036	436.5	0.023489933
0.115	0.037	439.4	0.017002237
0.115	0.038	437.8	0.020581655
0.115	0.039	435.2	0.02639821
0.115	0.04	436	0.024608501
0.115	0.041	443.8	0.007158837
0.115	0.042	437	0.022371365
0.115	0.043	444	0.006711409
0.115	0.044	442.3	0.010514541
0.115	0.045	438.7	0.018568233
0.115	0.046	434.3	0.028411633
0.115	0.047	452.1	0.011409396
0.115	0.048	443.4	0.008053691
0.115	0.049	441.5	0.012304251
0.115	0.05	443.2	0.008501119
0.115	0.051	443.8	0.007158837
0.115	0.052	446.1	0.002013423
0.115	0.053	437.6	0.021029083
0.115	0.054	448	0.002237136
0.115	0.055	453.7	0.014988814
0.115	0.056	441.5	0.012304251
0.115	0.057	442	0.011185682
0.115	0.058	444.7	0.005145414
0.115	0.059	449.5	0.005592841
0.115	0.06	444	0.006711409
0.115	0.061	438.3	0.019463087
0.115	0.062	446.1	0.002013423
0.115	0.063	443	0.008948546
0.115	0.064	447.2	0.000447427
0.115	0.065	449.7	0.006040268
0.115	0.066	457.7	0.02393736
0.115	0.067	452.6	0.012527964
0.115	0.068	455.3	0.018568233
0.115	0.069	451	0.008948546
0.115	0.07	448.7	0.003803132
0.115	0.071	438.8	0.018344519
0.115	0.072	451	0.008948546
0.115	0.073	447	0
0.115	0.074	454.4	0.01655481
0.115	0.075	444.3	0.006040268
0.115	0.076	455.2	0.018344519
0.115	0.077	449.6	0.005816555
0.115	0.078	457.7	0.02393736
0.115	0.079	458.7	0.026174497
0.115	0.08	449	0.004474273
0.115	0.081	454.7	0.017225951
0.115	0.082	452.9	0.013199105
0.115	0.083	443.7	0.00738255
0.115	0.084	452.2	0.01163311
0.115	0.085	452.9	0.013199105
0.115	0.086	454.5	0.016778523
0.115	0.087	455.4	0.018791946
0.115	0.088	457.2	0.022818792
0.115	0.089	458.4	0.025503356
0.115	0.09	457.7	0.02393736
0.115	0.091	460.5	0.030201342
0.115	0.092	453.8	0.015212528
0.115	0.093	456.4	0.021029083
0.115	0.094	458.9	0.026621924
0.115	0.095	455.6	0.019239374
0.115	0.096	449.4	0.005369128
0.115	0.097	457.8	0.024161074
0.115	0.098	466.3	0.043176734
0.115	0.099	460.8	0.030872483
0.115	0.1	467.5	0.045861298
0.115	0.101	453.8	0.015212528
0.115	0.102	461.6	0.032662192
0.115	0.103	459.5	0.027964206
0.115	0.104	469.5	0.05033557
0.115	0.105	464.2	0.038478747
0.115	0.106	471.8	0.055480984
0.115	0.107	463.9	0.037807606
0.115	0.108	467.8	0.046532438
0.115	0.109	470.5	0.052572707
0.115	0.11	464.1	0.038255034
0.115	0.111	468.8	0.048769575
0.115	0.112	468.2	0.047427293
0.115	0.113	466	0.042505593
0.115	0.114	469.4	0.050111857
0.116	0	428.4	0.041610738
0.116	0.001	428.7	0.040939597
0.116	0.002	419	0.062639821
0.116	0.003	421.7	0.056599553
0.116	0.004	420.8	0.058612975
0.116	0.005	421.3	0.057494407
0.116	0.006	435.5	0.025727069
0.116	0.007	429.7	0.038702461
0.116	0.008	433.5	0.030201342
0.116	0.009	424.5	0.05033557
0.116	0.01	425.9	0.047203579
0.116	0.011	424.4	0.050559284
0.116	0.012	432.1	0.033333333
0.116	0.013	428	0.042505593
0.116	0.014	424.7	0.049888143
0.116	0.015	423.5	0.052572707
0.116	0.016	435.2	0.02639821
0.116	0.017	437.6	0.021029083
0.116	0.018	433.4	0.030425056
0.116	0.019	437.1	0.022147651
0.116	0.02	434.6	0.027740492
0.116	0.021	432.1	0.033333333
0.116	0.022	431.3	0.035123043
0.116	0.023	433.8	0.029530201
0.116	0.024	432.3	0.032885906
0.116	0.025	434.3	0.028411633
0.116	0.026	442.1	0.010961969
0.116	0.027	436.8	0.022818792
0.116	0.028	443.3	0.008277405
0.116	0.029	435.2	0.02639821
0.116	0.03	435.8	0.025055928
0.116	0.031	436	0.024608501
0.116	0.032	430.4	0.037136465
0.116	0.033	436.9	0.022595078
0.116	0.034	432.3	0.032885906
0.116	0.035	435.5	0.025727069
0.116	0.036	438.4	0.019239374
0.116	0.037	443.9	0.006935123
0.116	0.038	439	0.017897092
0.116	0.039	442.7	0.009619687
0.116	0.04	437.8	0.020581655
0.116	0.041	443.3	0.008277405
0.116	0.042	437.9	0.020357942
0.116	0.043	439.5	0.016778523
0.116	0.044	436.8	0.022818792
0.116	0.045	446.1	0.002013423
0.116	0.046	444.6	0.005369128
0.116	0.047	450.3	0.00738255
0.116	0.048	437.1	0.022147651
0.116	0.049	441.9	0.011409396
0.116	0.05	447	0
0.116	0.051	446.1	0.002013423
0.116	0.052	439.7	0.016331096
0.116	0.053	442.3	0.010514541
0.116	0.054	441	0.013422819
0.116	0.055	450.5	0.007829978
0.116	0.056	453.3	0.01409396
0.116	0.057	443.9	0.006935123
0.116	0.058	456	0.020134228
0.116	0.059	450.6	0.008053691
0.116	0.06	450	0.006711409
0.116	0.061	447.4	0.000894855
0.116	0.062	452.8	0.012975391
0.116	0.063	454.6	0.017002237
0.116	0.064	458.2	0.025055928
0.116	0.065	451	0.008948546
0.116	0.066	446.4	0.001342282
0.116	0.067	457	0.022371365
0.116	0.068	450.5	0.007829978
0.116	0.069	444	0.006711409
0.116	0.07	451.1	0.00917226
0.116	0.071	445.6	0.003131991
0.116	0.072	453.2	0.013870246
0.116	0.073	448.1	0.00246085
0.116	0.074	450.3	0.00738255
0.116	0.075	458.1	0.024832215
0.116	0.076	456.5	0.021252796
0.116	0.077	454.5	0.016778523
0.116	0.078	456.1	0.020357942
0.116	0.079	457.1	0.022595078
0.116	0.08	447.7	0.001565996
0.116	0.081	457.5	0.023489933
0.116	0.082	461.5	0.032438479
0.116	0.083	451.3	0.009619687
0.116	0.084	448.8	0.004026846
0.116	0.085	456.4	0.021029083
0.116	0.086	453.9	0.015436242
0.116	0.087	451	0.008948546
0.116	0.088	465.2	0.040715884
0.116	0.089	454	0.015659955
0.116	0.09	462.3	0.034228188
0.116	0.091	457.7	0.02393736
0.116	0.092	460.1	0.029306488
0.116	0.093	458.6	0.025950783
0.116	0.094	461.3	0.031991051
0.116	0.095	458.1	0.024832215
0.116	0.096	457.8	0.024161074
0.116	0.097	470.7	0.053020134
0.116	0.098	463.1	0.036017897
0.116	0.099	463.6	0.037136465
0.116	0.1	475.4	0.063534676
0.116	0.101	456.7	0.021700224
0.116	0.102	462.9	0.03557047
0.116	0.103	464.1	0.038255034
0.116	0.104	464.3	0.038702461
0.116	0.105	466.9	0.044519016
0.116	0.106	463.5	0.036912752
0.116	0.107	462	0.033557047
0.116	0.108	463.8	0.037583893
0.116	0.109	466.3	0.043176734
0.116	0.11	468.8	0.048769575
0.116	0.111	469.3	0.049888143
0.116	0.112	466.4	0.043400447
0.116	0.113	465.9	0.042281879
0.116	0.114	474	0.060402685
0.116	0.115	470.4	0.052348993
0.117	0	424.7	0.049888143
0.117	0.001	426.4	0.046085011
0.117	0.002	424.1	0.051230425
0.117	0.003	428.1	0.042281879
0.117	0.004	429.6	0.038926174
0.117	0.005	427.3	0.044071588
0.117	0.006	427.2	0.044295302
0.117	0.007	432.3	0.032885906
0.117	0.008	435.1	0.026621924
0.117	0.009	432.9	0.031543624
0.117	0.01	429.5	0.039149888
0.117	0.011	424.1	0.051230425
0.117	0.012	435	0.026845638
0.117	0.013	433.7	0.029753915
0.117	0.014	430.4	0.037136465
0.117	0.015	430.6	0.036689038
0.117	0.016	425.2	0.048769575
0.117	0.017	433.3	0.03064877
0.117	0.018	428.6	0.041163311
0.117	0.019	425.6	0.04787472
0.117	0.02	433.9	0.029306488
0.117	0.021	435.2	0.02639821
0.117	0.022	438.9	0.018120805
0.117	0.023	429.2	0.039821029
0.117	0.024	442.5	0.010067114
0.117	0.025	437	0.022371365
0.117	0.026	431.6	0.034451902
0.117	0.027	438.5	0.01901566
0.117	0.028	432.5	0.032438479
0.117	0.029	441.1	0.013199105
0.117	0.03	439	0.017897092
0.117	0.031	434.8	0.027293065
0.117	0.032	435.1	0.026621924
0.117	0.033	429.4	0.039373602
0.117	0.034	433.4	0.030425056
0.117	0.035	440.7	0.01409396
0.117	0.036	436.1	0.024384787
0.117	0.037	449.4	0.005369128
0.117	0.038	448	0.002237136
0.117	0.039	440.6	0.014317673
0.117	0.04	439.7	0.016331096
0.117	0.041	439.9	0.015883669
0.117	0.042	447	0
0.117	0.043	442.6	0.0098434
0.117	0.044	440.5	0.014541387
0.117	0.045	442.9	0.00917226
0.117	0.046	440.1	0.015436242
0.117	0.047	445.8	0.002684564
0.117	0.048	441	0.013422819
0.117	0.049	446.1	0.002013423
0.117	0.05	442.8	0.009395973
0.117	0.051	439.1	0.017673378
0.117	0.052	447.9	0.002013423
0.117	0.053	452.6	0.012527964
0.117	0.054	444.7	0.005145414
0.117	0.055	451	0.008948546
0.117	0.056	449.8	0.006263982
0.117	0.057	450.6	0.008053691
0.117	0.058	453.1	0.013646532
0.117	0.059	444.7	0.005145414
0.117	0.06	450.6	0.008053691
0.117	0.061	448	0.002237136
0.117	0.062	452.9	0.013199105
0.117	0.063	454.7	0.017225951
0.117	0.064	455.1	0.018120805
0.117	0.065	454.5	0.016778523
0.117	0.066	459.9	0.02885906
0.117	0.067	453.4	0.014317673
0.117	0.068	448.6	0.003579418
0.117	0.069	459.1	0.027069351
0.117	0.07	448.3	0.002908277
0.117	0.071	453.2	0.013870246
0.117	0.072	453.7	0.014988814
0.117	0.073	455.6	0.019239374
0.117	0.074	450.9	0.008724832
0.117	0.075	459.6	0.028187919
0.117	0.076	459	0.026845638
0.117	0.077	455.3	0.018568233
0.117	0.078	464.4	0.038926174
0.117	0.079	458.3	0.025279642
0.117	0.08	453	0.013422819
0.117	0.081	454.7	0.017225951
0.117	0.082	454	0.015659955
0.117	0.083	450.1	0.006935123
0.117	0.084	465.1	0.04049217
0.117	0.085	462.7	0.035123043
0.117	0.086	451	0.008948546
0.117	0.087	459.2	0.027293065
0.117	0.088	458.4	0.025503356
0.117	0.089	460.3	0.029753915
0.117	0.09	457.8	0.024161074
0.117	0.091	462.2	0.034004474
0.117	0.092	463.6	0.037136465
0.117	0.093	470.9	0.053467562
0.117	0.094	462.1	0.033780761
0.117	0.095	458.8	0.02639821
0.117	0.096	461.6	0.032662192
0.117	0.097	468.6	0.048322148
0.117	0.098	459	0.026845638
0.117	0.099	462	0.033557047
0.117	0.1	466.9	0.044519016
0.117	0.101	469.1	0.049440716
0.117	0.102	473.7	0.059731544
0.117	0.103	460.9	0.031096197
0.117	0.104	462.4	0.034451902
0.117	0.105	467	0.044742729
0.117	0.106	469.5	0.05033557
0.117	0.107	467.8	0.046532438
0.117	0.108	472.9	0.057941834
0.117	0.109	469.4	0.050111857
0.117	0.11	469.5	0.05033557
0.117	0.111	471.3	0.054362416
0.117	0.112	468.3	0.047651007
0.117	0.113	465.8	0.042058166
0.117	0.114	475	0.062639821
0.117	0.115	474.6	0.061744966
0.117	0.116	468.9	0.048993289
0.118	0	427.2	0.044295302
0.118	0.001	426.2	0.046532438
0.118	0.002	426.9	0.044966443
0.118	0.003	432.5	0.032438479
0.118	0.004	430.2	0.037583893
0.118	0.005	431.1	0.03557047
0.118	0.006	432.9	0.031543624
0.118	0.007	433.6	0.029977629
0.118	0.008	435.7	0.025279642
0.118	0.009	425.6	0.04787472
0.118	0.01	433.7	0.029753915
0.118	0.011	431.7	0.034228188
0.118	0.012	433.1	0.031096197
0.118	0.013	436.1	0.024384787
0.118	0.014	431.8	0.034004474
0.118	0.015	434	0.029082774
0.118	0.016	439.1	0.017673378
0.118	0.017	431.8	0.034004474
0.118	0.018	435.2	0.02639821
0.118	0.019	437.6	0.021029083
0.118	0.02	435.7	0.025279642
0.118	0.021	438.6	0.018791946
0.118	0.022	440.6	0.014317673
0.118	0.023	434.5	0.027964206
0.118	0.024	435.2	0.02639821
0.118	0.025	446.7	0.000671141
0.118	0.026	436.2	0.024161074
0.118	0.027	439.7	0.016331096
0.118	0.028	444.3	0.006040268
0.118	0.029	443	0.008948546
0.118	0.03	444.9	0.004697987
0.118	0.031	439	0.017897092
0.118	0.032	434.9	0.027069351
0.118	0.033	439.6	0.01655481
0.118	0.034	443	0.008948546
0.118	0.035	446.3	0.001565996
0.118	0.036	436.8	0.022818792
0.118	0.037	439.2	0.017449664
0.118	0.038	446.7	0.000671141
0.118	0.039	449.9	0.006487696
0.118	0.04	442.7	0.009619687
0.118	0.041	452.5	0.012304251
0.118	0.042	441.5	0.012304251
0.118	0.043	450.7	0.008277405
0.118	0.044	444.2	0.006263982
0.118	0.045	447.1	0.000223714
0.118	0.046	445.2	0.004026846
0.118	0.047	446.3	0.001565996
0.118	0.048	443.9	0.006935123
0.118	0.049	456.8	0.021923937
0.118	0.05	450.8	0.008501119
0.118	0.051	450	0.006711409
0.118	0.052	454.5	0.016778523
0.118	0.053	451.2	0.009395973
0.118	0.054	450.5	0.007829978
0.118	0.055	450.2	0.007158837
0.118	0.056	450.4	0.007606264
0.118	0.057	450.8	0.008501119
0.118	0.058	449.7	0.006040268
0.118	0.059	454.2	0.016107383
0.118	0.06	444.6	0.005369128
0.118	0.061	444.2	0.006263982
0.118	0.062	456.9	0.022147651
0.118	0.063	447.7	0.001565996
0.118	0.064	451	0.008948546
0.118	0.065	451.3	0.009619687
0.118	0.066	457.9	0.024384787
0.118	0.067	454.8	0.017449664
0.118	0.068	457.5	0.023489933
0.118	0.069	455.8	0.019686801
0.118	0.07	458.3	0.025279642
0.118	0.071	455.6	0.019239374
0.118	0.072	462.3	0.034228188
0.118	0.073	459.9	0.02885906
0.118	0.074	464.5	0.039149888
0.118	0.075	461	0.031319911
0.118	0.076	463.7	0.037360179
0.118	0.077	455.3	0.018568233
0.118	0.078	463.9	0.037807606
0.118	0.079	460.2	0.029530201
0.118	0.08	461.9	0.033333333
0.118	0.081	459.4	0.027740492
0.118	0.082	460.9	0.031096197
0.118	0.083	462.9	0.03557047
0.118	0.084	454.6	0.017002237
0.118	0.085	466	0.042505593
0.118	0.086	465.6	0.041610738
0.118	0.087	462.2	0.034004474
0.118	0.088	465.3	0.040939597
0.118	0.089	463.9	0.037807606
0.118	0.09	459.6	0.028187919
0.118	0.091	467	0.044742729
0.118	0.092	469.3	0.049888143
0.118	0.093	464.3	0.038702461
0.118	0.094	467.1	0.044966443
0.118	0.095	467.3	0.04541387
0.118	0.096	466.3	0.043176734
0.118	0.097	472.2	0.056375839
0.118	0.098	465.4	0.041163311
0.118	0.099	472.7	0.057494407
0.118	0.1	467.2	0.045190157
0.118	0.101	469.2	0.04966443
0.118	0.102	467.8	0.046532438
0.118	0.103	463.5	0.036912752
0.118	0.104	470.9	0.053467562
0.118	0.105	467.8	0.046532438
0.118	0.106	471.7	0.055257271
0.118	0.107	467.6	0.046085011
0.118	0.108	462.2	0.034004474
0.118	0.109	476.9	0.06689038
0.118	0.11	470.8	0.053243848
0.118	0.111	473.9	0.060178971
0.118	0.112	462.8	0.035346756
0.118	0.113	472.2	0.056375839
0.118	0.114	465.2	0.040715884
0.118	0.115	473.4	0.059060403
0.118	0.116	474	0.060402685
0.118	0.117	463.4	0.036689038
0.119	0	430.9	0.036017897
0.119	0.001	433.5	0.030201342
0.119	0.002	432.5	0.032438479
0.119	0.003	429.4	0.039373602
0.119	0.004	434.5	0.027964206
0.119	0.005	434	0.029082774
0.119	0.006	429.3	0.039597315
0.119	0.007	432.7	0.031991051
0.119	0.008	431.2	0.035346756
0.119	0.009	430.6	0.036689038
0.119	0.01	427.7	0.043176734
0.119	0.011	441.8	0.01163311
0.119	0.012	432.5	0.032438479
0.119	0.013	440	0.015659955
0.119	0.014	436.3	0.02393736
0.119	0.015	437.4	0.02147651
0.119	0.016	438.5	0.01901566
0.119	0.017	435.3	0.026174497
0.119	0.018	431.9	0.033780761
0.119	0.019	441.3	0.012751678
0.119	0.02	437.7	0.020805369
0.119	0.021	443.1	0.008724832
0.119	0.022	447.4	0.000894855
0.119	0.023	435.7	0.025279642
0.119	0.024	443.2	0.008501119
0.119	0.025	443.5	0.007829978
0.119	0.026	430	0.03803132
0.119	0.027	427.6	0.043400447
0.119	0.028	443.8	0.007158837
0.119	0.029	447.9	0.002013423
0.119	0.03	434.4	0.028187919
0.119	0.031	437.6	0.021029083
0.119	0.032	437.9	0.020357942
0.119	0.033	441.9	0.011409396
0.119	0.034	442	0.011185682
0.119	0.035	442.5	0.010067114
0.119	0.036	448.3	0.002908277
0.119	0.037	446.7	0.000671141
0.119	0.038	442.7	0.009619687
0.119	0.039	443.6	0.007606264
0.119	0.04	447.5	0.001118568
0.119	0.041	451.7	0.010514541
0.119	0.042	448.6	0.003579418
0.119	0.043	444.6	0.005369128
0.119	0.044	443.3	0.008277405
0.119	0.045	445.1	0.004250559
0.119	0.046	435.7	0.025279642
0.119	0.047	456.3	0.020805369
0.119	0.048	446.7	0.000671141
0.119	0.049	450	0.006711409
0.119	0.05	453.3	0.01409396
0.119	0.051	451.2	0.009395973
0.119	0.052	447.2	0.000447427
0.119	0.053	448.4	0.003131991
0.119	0.054	453.5	0.014541387
0.119	0.055	447.5	0.001118568
0.119	0.056	449.7	0.006040268
0.119	0.057	446.9	0.000223714
0.119	0.058	455.3	0.018568233
0.119	0.059	451.8	0.010738255
0.119	0.06	453.3	0.01409396
0.119	0.061	453.8	0.015212528
0.119	0.062	462.5	0.034675615
0.119	0.063	453.6	0.014765101
0.119	0.064	460.8	0.030872483
0.119	0.065	456	0.020134228
0.119	0.066	457.8	0.024161074
0.119	0.067	456.9	0.022147651
0.119	0.068	468.6	0.048322148
0.119	0.069	455.1	0.018120805
0.119	0.07	465.8	0.042058166
0.119	0.071	453.9	0.015436242
0.119	0.072	456.6	0.02147651
0.119	0.073	455.6	0.019239374
0.119	0.074	459.2	0.027293065
0.119	0.075	458.7	0.026174497
0.119	0.076	461.4	0.032214765
0.119	0.077	465.1	0.04049217
0.119	0.078	457.1	0.022595078
0.119	0.079	456.1	0.020357942
0.119	0.08	467	0.044742729
0.119	0.081	453	0.013422819
0.119	0.082	464.7	0.039597315
0.119	0.083	459.7	0.028411633
0.119	0.084	462.6	0.034899329
0.119	0.085	458.4	0.025503356
0.119	0.086	461.9	0.033333333
0.119	0.087	468.5	0.048098434
0.119	0.088	469.9	0.051230425
0.119	0.089	462.7	0.035123043
0.119	0.09	465.6	0.041610738
0.119	0.091	460.6	0.030425056
0.119	0.092	462	0.033557047
0.119	0.093	467.2	0.045190157
0.119	0.094	468.5	0.048098434
0.119	0.095	464.1	0.038255034
0.119	0.096	462.2	0.034004474
0.119	0.097	465.8	0.042058166
0.119	0.098	467.1	0.044966443
0.119	0.099	477.4	0.068008949
0.119	0.1	466.4	0.043400447
0.119	0.101	465.1	0.04049217
0.119	0.102	474.4	0.061297539
0.119	0.103	466.8	0.044295302
0.119	0.104	470.6	0.052796421
0.119	0.105	465.5	0.041387025
0.119	0.106	459.4	0.027740492
0.119	0.107	466.3	0.043176734
0.119	0.108	466.6	0.043847875
0.119	0.109	468.1	0.047203579
0.119	0.11	476.2	0.065324385
0.119	0.111	468.7	0.048545861
0.119	0.112	471.9	0.055704698
0.119	0.113	472.8	0.057718121
0.119	0.114	470.8	0.053243848
0.119	0.115	475.3	0.063310962
0.119	0.116	472.4	0.056823266
0.119	0.117	480	0.073825503
0.119	0.118	464.7	0.039597315
0.12	0	437.5	0.021252796
0.12	0.001	432.8	0.031767338
0.12	0.002	431.8	0.034004474
0.12	0.003	432.9	0.031543624
0.12	0.004	437	0.022371365
0.12	0.005	430.8	0.036241611
0.12	0.006	434.2	0.028635347
0.12	0.007	436	0.024608501
0.12	0.008	440.1	0.015436242
0.12	0.009	438.4	0.019239374
0.12	0.01	434.7	0.027516779
0.12	0.011	437	0.022371365
0.12	0.012	436.7	0.023042506
0.12	0.013	435.6	0.025503356
0.12	0.014	436.9	0.022595078
0.12	0.015	444.2	0.006263982
0.12	0.016	441.8	0.01163311
0.12	0.017	441.4	0.012527964
0.12	0.018	440.8	0.013870246
0.12	0.019	444.8	0.0049217
0.12	0.02	443.5	0.007829978
0.12	0.021	445.9	0.00246085
0.12	0.022	436.6	0.023266219
0.12	0.023	442.4	0.010290828
0.12	0.024	437.5	0.021252796
0.12	0.025	440.5	0.014541387
0.12	0.026	442.3	0.010514541
0.12	0.027	448.7	0.003803132
0.12	0.028	434.8	0.027293065
0.12	0.029	444.9	0.004697987
0.12	0.03	441.9	0.011409396
0.12	0.031	437.5	0.021252796
0.12	0.032	452.8	0.012975391
0.12	0.033	452.2	0.01163311
0.12	0.034	447.9	0.002013423
0.12	0.035	455.6	0.019239374
0.12	0.036	450	0.006711409
0.12	0.037	445.8	0.002684564
0.12	0.038	448.7	0.003803132
0.12	0.039	446.7	0.000671141
0.12	0.04	444.7	0.005145414
0.12	0.041	449.2	0.0049217
0.12	0.042	457.3	0.023042506
0.12	0.043	451.9	0.010961969
0.12	0.044	453.8	0.015212528
0.12	0.045	445	0.004474273
0.12	0.046	448.6	0.003579418
0.12	0.047	454.1	0.015883669
0.12	0.048	448	0.002237136
0.12	0.049	449.5	0.005592841
0.12	0.05	457.4	0.023266219
0.12	0.051	451	0.008948546
0.12	0.052	449	0.004474273
0.12	0.053	451.8	0.010738255
0.12	0.054	455.5	0.01901566
0.12	0.055	460.7	0.03064877
0.12	0.056	460.2	0.029530201
0.12	0.057	459.5	0.027964206
0.12	0.058	454.1	0.015883669
0.12	0.059	461.5	0.032438479
0.12	0.06	459.5	0.027964206
0.12	0.061	458.1	0.024832215
0.12	0.062	453.9	0.015436242
0.12	0.063	452.5	0.012304251
0.12	0.064	458.5	0.025727069
0.12	0.065	469.2	0.04966443
0.12	0.066	458.6	0.025950783
0.12	0.067	457	0.022371365
0.12	0.068	462.3	0.034228188
0.12	0.069	458.9	0.026621924
0.12	0.07	463.1	0.036017897
0.12	0.071	458.4	0.025503356
0.12	0.072	461.5	0.032438479
0.12	0.073	471.8	0.055480984
0.12	0.074	472.5	0.05704698
0.12	0.075	461	0.031319911
0.12	0.076	462.9	0.03557047
0.12	0.077	470.9	0.053467562
0.12	0.078	466.7	0.044071588
0.12	0.079	464.8	0.039821029
0.12	0.08	465.7	0.041834452
0.12	0.081	464	0.03803132
0.12	0.082	469.7	0.050782998
0.12	0.083	459.8	0.028635347
0.12	0.084	464.7	0.039597315
0.12	0.085	469.7	0.050782998
0.12	0.086	464.8	0.039821029
0.12	0.087	467	0.044742729
0.12	0.088	466.5	0.043624161
0.12	0.089	463.5	0.036912752
0.12	0.09	463.7	0.037360179
0.12	0.091	465.7	0.041834452
0.12	0.092	471.9	0.055704698
0.12	0.093	463.8	0.037583893
0.12	0.094	469.1	0.049440716
0.12	0.095	471.5	0.054809843
0.12	0.096	466.8	0.044295302
0.12	0.097	468.6	0.048322148
0.12	0.098	461.8	0.03310962
0.12	0.099	474.5	0.061521253
0.12	0.1	467.6	0.046085011
0.12	0.101	464.7	0.039597315
0.12	0.102	478.4	0.070246085
0.12	0.103	472.5	0.05704698
0.12	0.104	470.6	0.052796421
0.12	0.105	478.1	0.069574944
0.12	0.106	471.5	0.054809843
0.12	0.107	484	0.082774049
0.12	0.108	466.5	0.043624161
0.12	0.109	476.4	0.065771812
0.12	0.11	474	0.060402685
0.12	0.111	480.7	0.075391499
0.12	0.112	474.4	0.061297539
0.12	0.113	475.9	0.064653244
0.12	0.114	476.4	0.065771812
0.12	0.115	480.8	0.075615213
0.12	0.116	477.6	0.068456376
0.12	0.117	481.3	0.076733781
0.12	0.118	472.2	0.056375839
0.12	0.119	479.5	0.072706935
0.121	0	439.1	0.017673378
0.121	0.001	436.6	0.023266219
0.121	0.002	429.6	0.038926174
0.121	0.003	427.7	0.043176734
0.121	0.004	432.7	0.031991051
0.121	0.005	442.3	0.010514541
0.121	0.006	437.6	0.021029083
0.121	0.007	435.1	0.026621924
0.121	0.008	435.2	0.02639821
0.121	0.009	437.7	0.020805369
0.121	0.01	441.7	0.011856823
0.121	0.011	430.8	0.036241611
0.121	0.012	439	0.017897092
0.121	0.013	438	0.020134228
0.121	0.014	439.9	0.015883669
0.121	0.015	439.8	0.016107383
0.121	0.016	438.4	0.019239374
0.121	0.017	441.5	0.012304251
0.121	0.018	443	0.008948546
0.121	0.019	445.7	0.002908277
0.121	0.02	435.6	0.025503356
0.121	0.021	442.3	0.010514541
0.121	0.022	436.1	0.024384787
0.121	0.023	435.3	0.026174497
0.121	0.024	440.8	0.013870246
0.121	0.025	437.3	0.021700224
0.121	0.026	448.4	0.003131991
0.121	0.027	443.9	0.006935123
0.121	0.028	445.6	0.003131991
0.121	0.029	444.3	0.006040268
0.121	0.03	438.7	0.018568233
0.121	0.031	450.6	0.008053691
0.121	0.032	447.5	0.001118568
0.121	0.033	458.7	0.026174497
0.121	0.034	447.9	0.002013423
0.121	0.035	449.9	0.006487696
0.121	0.036	449.3	0.005145414
0.121	0.037	447.5	0.001118568
0.121	0.038	455.3	0.018568233
0.121	0.039	452.1	0.011409396
0.121	0.04	453.2	0.013870246
0.121	0.041	450.2	0.007158837
0.121	0.042	454.6	0.017002237
0.121	0.043	445.8	0.002684564
0.121	0.044	453.1	0.013646532
0.121	0.045	449	0.004474273
0.121	0.046	449.2	0.0049217
0.121	0.047	456.4	0.021029083
0.121	0.048	448.9	0.004250559
0.121	0.049	451.3	0.009619687
0.121	0.05	455.4	0.018791946
0.121	0.051	454.7	0.017225951
0.121	0.052	448.4	0.003131991
0.121	0.053	461.3	0.031991051
0.121	0.054	451.8	0.010738255
0.121	0.055	459.6	0.028187919
0.121	0.056	455.8	0.019686801
0.121	0.057	453.7	0.014988814
0.121	0.058	459	0.026845638
0.121	0.059	457.4	0.023266219
0.121	0.06	455.8	0.019686801
0.121	0.061	460.1	0.029306488
0.121	0.062	453.4	0.014317673
0.121	0.063	460.3	0.029753915
0.121	0.064	458.3	0.025279642
0.121	0.065	458.3	0.025279642
0.121	0.066	462.2	0.034004474
0.121	0.067	458.8	0.02639821
0.121	0.068	458.9	0.026621924
0.121	0.069	466.4	0.043400447
0.121	0.07	461	0.031319911
0.121	0.071	454.9	0.017673378
0.121	0.072	454.7	0.017225951
0.121	0.073	462.5	0.034675615
0.121	0.074	458.1	0.024832215
0.121	0.075	463.8	0.037583893
0.121	0.076	458.5	0.025727069
0.121	0.077	458.4	0.025503356
0.121	0.078	459.5	0.027964206
0.121	0.079	466.3	0.043176734
0.121	0.08	464.1	0.038255034
0.121	0.081	463.8	0.037583893
0.121	0.082	472	0.055928412
0.121	0.083	462.9	0.03557047
0.121	0.084	465.3	0.040939597
0.121	0.085	465.1	0.04049217
0.121	0.086	471.2	0.054138702
0.121	0.087	462.4	0.034451902
0.121	0.088	476.4	0.065771812
0.121	0.089	474.4	0.061297539
0.121	0.09	468.1	0.047203579
0.121	0.091	473.7	0.059731544
0.121	0.092	469.6	0.050559284
0.121	0.093	473.5	0.059284116
0.121	0.094	468.9	0.048993289
0.121	0.095	466.2	0.04295302
0.121	0.096	462.8	0.035346756
0.121	0.097	474	0.060402685
0.121	0.098	476	0.064876957
0.121	0.099	471.9	0.055704698
0.121	0.1	469.8	0.051006711
0.121	0.101	474.8	0.062192394
0.121	0.102	476.6	0.066219239
0.121	0.103	476.3	0.065548098
0.121	0.104	472	0.055928412
0.121	0.105	469.6	0.050559284
0.121	0.106	483.9	0.082550336
0.121	0.107	472.2	0.056375839
0.121	0.108	484.9	0.084787472
0.121	0.109	467.3	0.04541387
0.121	0.11	477.4	0.068008949
0.121	0.111	472.8	0.057718121
0.121	0.112	469.7	0.050782998
0.121	0.113	472.8	0.057718121
0.121	0.114	483.4	0.081431767
0.121	0.115	471.8	0.055480984
0.121	0.116	476	0.064876957
0.121	0.117	475.6	0.063982103
0.121	0.118	475.8	0.06442953
0.121	0.119	474.3	0.061073826
0.121	0.12	482.5	0.079418345
0.122	0	436.3	0.02393736
0.122	0.001	435.6	0.025503356
0.122	0.002	433.9	0.029306488
0.122	0.003	432.6	0.032214765
0.122	0.004	432	0.033557047
0.122	0.005	439.1	0.017673378
0.122	0.006	443.6	0.007606264
0.122	0.007	439.7	0.016331096
0.122	0.008	437.6	0.021029083
0.122	0.009	437.2	0.021923937
0.122	0.01	441.3	0.012751678
0.122	0.011	428.7	0.040939597
0.122	0.012	438.4	0.019239374
0.122	0.013	445.6	0.003131991
0.122	0.014	442	0.011185682
0.122	0.015	440.4	0.014765101
0.122	0.016	440.1	0.015436242
0.122	0.017	442.8	0.009395973
0.122	0.018	445.6	0.003131991
0.122	0.019	443.2	0.008501119
0.122	0.02	441.7	0.011856823
0.122	0.021	444.2	0.006263982
0.122	0.022	441.9	0.011409396
0.122	0.023	446.8	0.000447427
0.122	0.024	442.7	0.009619687
0.122	0.025	445.7	0.002908277
0.122	0.026	443.2	0.008501119
0.122	0.027	447	0
0.122	0.028	446.6	0.000894855
0.122	0.029	444.5	0.005592841
0.122	0.03	443.4	0.008053691
0.122	0.031	450.7	0.008277405
0.122	0.032	450.5	0.007829978
0.122	0.033	443.9	0.006935123
0.122	0.034	446.3	0.001565996
0.122	0.035	451.9	0.010961969
0.122	0.036	445.1	0.004250559
0.122	0.037	443.7	0.00738255
0.122	0.038	445.6	0.003131991
0.122	0.039	450.4	0.007606264
0.122	0.04	445	0.004474273
0.122	0.041	451.4	0.0098434
0.122	0.042	452.9	0.013199105
0.122	0.043	444.7	0.005145414
0.122	0.044	444.9	0.004697987
0.122	0.045	454.9	0.017673378
0.122	0.046	458.4	0.025503356
0.122	0.047	451.1	0.00917226
0.122	0.048	450.3	0.00738255
0.122	0.049	455	0.017897092
0.122	0.05	451.2	0.009395973
0.122	0.051	456.1	0.020357942
0.122	0.052	452.7	0.012751678
0.122	0.053	459.5	0.027964206
0.122	0.054	451.4	0.0098434
0.122	0.055	454.8	0.017449664
0.122	0.056	463	0.035794183
0.122	0.057	461.6	0.032662192
0.122	0.058	450.5	0.007829978
0.122	0.059	455.6	0.019239374
0.122	0.06	459.7	0.028411633
0.122	0.061	451.2	0.009395973
0.122	0.062	458.2	0.025055928
0.122	0.063	463.3	0.036465324
0.122	0.064	465.5	0.041387025
0.122	0.065	457.3	0.023042506
0.122	0.066	453.5	0.014541387
0.122	0.067	458.6	0.025950783
0.122	0.068	464.7	0.039597315
0.122	0.069	464.6	0.039373602
0.122	0.07	459.6	0.028187919
0.122	0.071	473.6	0.05950783
0.122	0.072	461.1	0.031543624
0.122	0.073	472.1	0.056152125
0.122	0.074	460.3	0.029753915
0.122	0.075	464.1	0.038255034
0.122	0.076	466.4	0.043400447
0.122	0.077	472.6	0.057270694
0.122	0.078	468.3	0.047651007
0.122	0.079	464.9	0.040044743
0.122	0.08	461.6	0.032662192
0.122	0.081	462.2	0.034004474
0.122	0.082	473.6	0.05950783
0.122	0.083	466.3	0.043176734
0.122	0.084	466	0.042505593
0.122	0.085	463.4	0.036689038
0.122	0.086	468.6	0.048322148
0.122	0.087	470.7	0.053020134
0.122	0.088	467.2	0.045190157
0.122	0.089	476.8	0.066666667
0.122	0.09	470.4	0.052348993
0.122	0.091	472.1	0.056152125
0.122	0.092	469.1	0.049440716
0.122	0.093	468.4	0.04787472
0.122	0.094	471.8	0.055480984
0.122	0.095	469.2	0.04966443
0.122	0.096	472.4	0.056823266
0.122	0.097	471.9	0.055704698
0.122	0.098	475.6	0.063982103
0.122	0.099	469	0.049217002
0.122	0.1	471.7	0.055257271
0.122	0.101	468.9	0.048993289
0.122	0.102	470.5	0.052572707
0.122	0.103	476.4	0.065771812
0.122	0.104	477.8	0.068903803
0.122	0.105	477.1	0.067337808
0.122	0.106	470.5	0.052572707
0.122	0.107	480.7	0.075391499
0.122	0.108	477.8	0.068903803
0.122	0.109	479.1	0.071812081
0.122	0.11	473.8	0.059955257
0.122	0.111	474.8	0.062192394
0.122	0.112	465.5	0.041387025
0.122	0.113	478.4	0.070246085
0.122	0.114	474.7	0.06196868
0.122	0.115	477.2	0.067561521
0.122	0.116	489.3	0.094630872
0.122	0.117	482.6	0.079642058
0.122	0.118	471	0.053691275
0.122	0.119	481.4	0.076957494
0.122	0.12	495	0.10738255
0.122	0.121	482.3	0.078970917
0.123	0	435.1	0.026621924
0.123	0.001	442.4	0.010290828
0.123	0.002	446.1	0.002013423
0.123	0.003	436.5	0.023489933
0.123	0.004	439.9	0.015883669
0.123	0.005	435.3	0.026174497
0.123	0.006	443.1	0.008724832
0.123	0.007	438	0.020134228
0.123	0.008	444.7	0.005145414
0.123	0.009	445.7	0.002908277
0.123	0.01	438	0.020134228
0.123	0.011	434.7	0.027516779
0.123	0.012	444.5	0.005592841
0.123	0.013	448.9	0.004250559
0.123	0.014	445.6	0.003131991
0.123	0.015	439.4	0.017002237
0.123	0.016	445.1	0.004250559
0.123	0.017	445.4	0.003579418
0.123	0.018	447	0
0.123	0.019	442.4	0.010290828
0.123	0.02	441.5	0.012304251
0.123	0.021	444.3	0.006040268
0.123	0.022	441.9	0.011409396
0.123	0.023	450.5	0.007829978
0.123	0.024	440.2	0.015212528
0.123	0.025	450.8	0.008501119
0.123	0.026	450.5	0.007829978
0.123	0.027	454.4	0.01655481
0.123	0.028	442.6	0.0098434
0.123	0.029	445.3	0.003803132
0.123	0.03	453	0.013422819
0.123	0.031	451.4	0.0098434
0.123	0.032	446.8	0.000447427
0.123	0.033	445.7	0.002908277
0.123	0.034	455.7	0.019463087
0.123	0.035	452.2	0.01163311
0.123	0.036	451.2	0.009395973
0.123	0.037	453.9	0.015436242
0.123	0.038	456.5	0.021252796
0.123	0.039	444.9	0.004697987
0.123	0.04	455	0.017897092
0.123	0.041	454.7	0.017225951
0.123	0.042	460	0.029082774
0.123	0.043	448.6	0.003579418
0.123	0.044	452.7	0.012751678
0.123	0.045	459.6	0.028187919
0.123	0.046	460.6	0.030425056
0.123	0.047	459.4	0.027740492
0.123	0.048	455.3	0.018568233
0.123	0.049	454.3	0.016331096
0.123	0.05	449.4	0.005369128
0.123	0.051	459.2	0.027293065
0.123	0.052	454.5	0.016778523
0.123	0.053	456.1	0.020357942
0.123	0.054	453	0.013422819
0.123	0.055	456.9	0.022147651
0.123	0.056	457.3	0.023042506
0.123	0.057	465	0.040268456
0.123	0.058	457.6	0.023713647
0.123	0.059	461.1	0.031543624
0.123	0.06	454.4	0.01655481
0.123	0.061	458.4	0.025503356
0.123	0.062	459.9	0.02885906
0.123	0.063	452.3	0.011856823
0.123	0.064	459.2	0.027293065
0.123	0.065	461.6	0.032662192
0.123	0.066	470.3	0.05212528
0.123	0.067	464.6	0.039373602
0.123	0.068	463	0.035794183
0.123	0.069	469.1	0.049440716
0.123	0.07	466	0.042505593
0.123	0.071	459.4	0.027740492
0.123	0.072	467.3	0.04541387
0.123	0.073	467.7	0.046308725
0.123	0.074	461.2	0.031767338
0.123	0.075	462	0.033557047
0.123	0.076	470.1	0.051677852
0.123	0.077	474.8	0.062192394
0.123	0.078	471.6	0.055033557
0.123	0.079	472	0.055928412
0.123	0.08	472.8	0.057718121
0.123	0.081	469.4	0.050111857
0.123	0.082	462.9	0.03557047
0.123	0.083	466.6	0.043847875
0.123	0.084	466.9	0.044519016
0.123	0.085	467.2	0.045190157
0.123	0.086	473.6	0.05950783
0.123	0.087	472.9	0.057941834
0.123	0.088	481.1	0.076286353
0.123	0.089	468.5	0.048098434
0.123	0.09	475.8	0.06442953
0.123	0.091	467	0.044742729
0.123	0.092	477.1	0.067337808
0.123	0.093	472.9	0.057941834
0.123	0.094	473.6	0.05950783
0.123	0.095	472.1	0.056152125
0.123	0.096	477.5	0.068232662
0.123	0.097	474.4	0.061297539
0.123	0.098	471.1	0.053914989
0.123	0.099	468.5	0.048098434
0.123	0.1	477.1	0.067337808
0.123	0.101	472.1	0.056152125
0.123	0.102	472	0.055928412
0.123	0.103	476.7	0.066442953
0.123	0.104	475.5	0.063758389
0.123	0.105	476.7	0.066442953
0.123	0.106	473.5	0.059284116
0.123	0.107	480.3	0.074496644
0.123	0.108	472.5	0.05704698
0.123	0.109	474.3	0.061073826
0.123	0.11	477.7	0.068680089
0.123	0.111	474.1	0.060626398
0.123	0.112	480.7	0.075391499
0.123	0.113	472.5	0.05704698
0.123	0.114	478.4	0.070246085
0.123	0.115	481.7	0.077628635
0.123	0.116	486.4	0.088143177
0.123	0.117	483.3	0.081208054
0.123	0.118	481.4	0.076957494
0.123	0.119	483.3	0.081208054
0.123	0.12	479.8	0.073378076
0.123	0.121	483.7	0.082102908
0.123	0.122	484.5	0.083892617
0.124	0	435.6	0.025503356
0.124	0.001	448.6	0.003579418
0.124	0.002	435.2	0.02639821
0.124	0.003	448.2	0.002684564
0.124	0.004	441.1	0.013199105
0.124	0.005	444	0.006711409
0.124	0.006	442.4	0.010290828
0.124	0.007	444.3	0.006040268
0.124	0.008	446.1	0.002013423
0.124	0.009	445.5	0.003355705
0.124	0.01	446.3	0.001565996
0.124	0.011	444	0.006711409
0.124	0.012	440.1	0.015436242
0.124	0.013	446.1	0.002013423
0.124	0.014	443.4	0.008053691
0.124	0.015	447.8	0.001789709
0.124	0.016	446.5	0.001118568
0.124	0.017	450.4	0.007606264
0.124	0.018	446.6	0.000894855
0.124	0.019	448.1	0.00246085
0.124	0.02	447.8	0.001789709
0.124	0.021	445.5	0.003355705
0.124	0.022	443.9	0.006935123
0.124	0.023	440.5	0.014541387
0.124	0.024	448.3	0.002908277
0.124	0.025	453.7	0.014988814
0.124	0.026	449	0.004474273
0.124	0.027	452.1	0.011409396
0.124	0.028	449.2	0.0049217
0.124	0.029	454.9	0.017673378
0.124	0.03	454.3	0.016331096
0.124	0.031	451.5	0.010067114
0.124	0.032	449.9	0.006487696
0.124	0.033	446.2	0.001789709
0.124	0.034	446.2	0.001789709
0.124	0.035	460.9	0.031096197
0.124	0.036	452.3	0.011856823
0.124	0.037	451.3	0.009619687
0.124	0.038	457.7	0.02393736
0.124	0.039	449.9	0.006487696
0.124	0.04	460.9	0.031096197
0.124	0.041	456.4	0.021029083
0.124	0.042	459.6	0.028187919
0.124	0.043	452.8	0.012975391
0.124	0.044	459.4	0.027740492
0.124	0.045	456	0.020134228
0.124	0.046	450.5	0.007829978
0.124	0.047	461.9	0.033333333
0.124	0.048	452.4	0.012080537
0.124	0.049	454.1	0.015883669
0.124	0.05	457.5	0.023489933
0.124	0.051	458	0.024608501
0.124	0.052	462.8	0.035346756
0.124	0.053	461.6	0.032662192
0.124	0.054	463.2	0.036241611
0.124	0.055	456.4	0.021029083
0.124	0.056	469.3	0.049888143
0.124	0.057	466.6	0.043847875
0.124	0.058	468.4	0.04787472
0.124	0.059	463.5	0.036912752
0.124	0.06	462.7	0.035123043
0.124	0.061	460.4	0.029977629
0.124	0.062	463.6	0.037136465
0.124	0.063	458.8	0.02639821
0.124	0.064	465	0.040268456
0.124	0.065	452.9	0.013199105
0.124	0.066	462.7	0.035123043
0.124	0.067	466.7	0.044071588
0.124	0.068	464.1	0.038255034
0.124	0.069	468.1	0.047203579
0.124	0.07	463.8	0.037583893
0.124	0.071	464.9	0.040044743
0.124	0.072	464.1	0.038255034
0.124	0.073	471	0.053691275
0.124	0.074	467.2	0.045190157
0.124	0.075	469.6	0.050559284
0.124	0.076	475.5	0.063758389
0.124	0.077	470	0.051454139
0.124	0.078	472.8	0.057718121
0.124	0.079	462.5	0.034675615
0.124	0.08	479.3	0.072259508
0.124	0.081	466.5	0.043624161
0.124	0.082	471.3	0.054362416
0.124	0.083	474.4	0.061297539
0.124	0.084	473.8	0.059955257
0.124	0.085	470.4	0.052348993
0.124	0.086	477.2	0.067561521
0.124	0.087	470.4	0.052348993
0.124	0.088	475.9	0.064653244
0.124	0.089	469.2	0.04966443
0.124	0.09	471.1	0.053914989
0.124	0.091	468.5	0.048098434
0.124	0.092	472.1	0.056152125
0.124	0.093	471.3	0.054362416
0.124	0.094	473.3	0.058836689
0.124	0.095	480.8	0.075615213
0.124	0.096	471.3	0.054362416
0.124	0.097	480.7	0.075391499
0.124	0.098	465.2	0.040715884
0.124	0.099	485.2	0.085458613
0.124	0.1	480.3	0.074496644
0.124	0.101	472.7	0.057494407
0.124	0.102	472.6	0.057270694
0.124	0.103	479.1	0.071812081
0.124	0.104	481.8	0.077852349
0.124	0.105	478.9	0.071364653
0.124	0.106	480.5	0.074944072
0.124	0.107	469.1	0.049440716
0.124	0.108	480.1	0.074049217
0.124	0.109	482	0.078299776
0.124	0.11	477.7	0.068680089
0.124	0.111	477.1	0.067337808
0.124	0.112	471.1	0.053914989
0.124	0.113	479.4	0.072483221
0.124	0.114	479.2	0.072035794
0.124	0.115	489.2	0.094407159
0.124	0.116	476.8	0.066666667
0.124	0.117	487.1	0.089709172
0.124	0.118	484.6	0.084116331
0.124	0.119	481.9	0.078076063
0.124	0.12	482.9	0.080313199
0.124	0.121	489.5	0.0950783
0.124	0.122	492.3	0.101342282
0.124	0.123	484	0.082774049
0.125	0	438.2	0.019686801
0.125	0.001	442.1	0.010961969
0.125	0.002	441.4	0.012527964
0.125	0.003	439.8	0.016107383
0.125	0.004	440.8	0.013870246
0.125	0.005	442.9	0.00917226
0.125	0.006	439.1	0.017673378
0.125	0.007	449	0.004474273
0.125	0.008	441.8	0.01163311
0.125	0.009	441.5	0.012304251
0.125	0.01	441.4	0.012527964
0.125	0.011	452	0.011185682
0.125	0.012	443.4	0.008053691
0.125	0.013	447.8	0.001789709
0.125	0.014	447.7	0.001565996
0.125	0.015	444.7	0.005145414
0.125	0.016	446.6	0.000894855
0.125	0.017	439.2	0.017449664
0.125	0.018	457.3	0.023042506
0.125	0.019	444.5	0.005592841
0.125	0.02	448.1	0.00246085
0.125	0.021	451.3	0.009619687
0.125	0.022	456.7	0.021700224
0.125	0.023	450.6	0.008053691
0.125	0.024	446.2	0.001789709
0.125	0.025	445.4	0.003579418
0.125	0.026	449.5	0.005592841
0.125	0.027	445	0.004474273
0.125	0.028	444.7	0.005145414
0.125	0.029	460.8	0.030872483
0.125	0.03	449.7	0.006040268
0.125	0.031	456.9	0.022147651
0.125	0.032	454.4	0.01655481
0.125	0.033	449.4	0.005369128
0.125	0.034	455.3	0.018568233
0.125	0.035	455.2	0.018344519
0.125	0.036	453.1	0.013646532
0.125	0.037	447.1	0.000223714
0.125	0.038	455.5	0.01901566
0.125	0.039	450.3	0.00738255
0.125	0.04	452.7	0.012751678
0.125	0.041	456	0.020134228
0.125	0.042	455.4	0.018791946
0.125	0.043	453.4	0.014317673
0.125	0.044	463.2	0.036241611
0.125	0.045	462.2	0.034004474
0.125	0.046	462.6	0.034899329
0.125	0.047	455.2	0.018344519
0.125	0.048	457.5	0.023489933
0.125	0.049	464.1	0.038255034
0.125	0.05	463.9	0.037807606
0.125	0.051	460.5	0.030201342
0.125	0.052	457.2	0.022818792
0.125	0.053	463.4	0.036689038
0.125	0.054	457.6	0.023713647
0.125	0.055	464.5	0.039149888
0.125	0.056	460.4	0.029977629
0.125	0.057	463.3	0.036465324
0.125	0.058	466.3	0.043176734
0.125	0.059	459	0.026845638
0.125	0.06	463.9	0.037807606
0.125	0.061	469.5	0.05033557
0.125	0.062	461.9	0.033333333
0.125	0.063	467.4	0.045637584
0.125	0.064	463.6	0.037136465
0.125	0.065	461	0.031319911
0.125	0.066	460.5	0.030201342
0.125	0.067	471.2	0.054138702
0.125	0.068	459.9	0.02885906
0.125	0.069	463.8	0.037583893
0.125	0.07	468.9	0.048993289
0.125	0.071	469.7	0.050782998
0.125	0.072	465.4	0.041163311
0.125	0.073	468.2	0.047427293
0.125	0.074	471.7	0.055257271
0.125	0.075	469	0.049217002
0.125	0.076	465.3	0.040939597
0.125	0.077	470.3	0.05212528
0.125	0.078	474.6	0.061744966
0.125	0.079	467.3	0.04541387
0.125	0.08	469.3	0.049888143
0.125	0.081	470.4	0.052348993
0.125	0.082	472	0.055928412
0.125	0.083	471.4	0.05458613
0.125	0.084	478.6	0.070693512
0.125	0.085	473.9	0.060178971
0.125	0.086	472.3	0.056599553
0.125	0.087	474.8	0.062192394
0.125	0.088	477.2	0.067561521
0.125	0.089	478.5	0.070469799
0.125	0.09	472.6	0.057270694
0.125	0.091	479	0.071588367
0.125	0.092	470.9	0.053467562
0.125	0.093	467.2	0.045190157
0.125	0.094	479.5	0.072706935
0.125	0.095	479.2	0.072035794
0.125	0.096	471.6	0.055033557
0.125	0.097	477.2	0.067561521
0.125	0.098	481.2	0.076510067
0.125	0.099	468.5	0.048098434
0.125	0.1	478.5	0.070469799
0.125	0.101	471.7	0.055257271
0.125	0.102	477.4	0.068008949
0.125	0.103	474.3	0.061073826
0.125	0.104	478.4	0.070246085
0.125	0.105	475.8	0.06442953
0.125	0.106	488.1	0.091946309
0.125	0.107	478.4	0.070246085
0.125	0.108	485.4	0.08590604
0.125	0.109	482.3	0.078970917
0.125	0.11	480.9	0.075838926
0.125	0.111	489.5	0.0950783
0.125	0.112	483.1	0.080760626
0.125	0.113	486.3	0.087919463
0.125	0.114	477.7	0.068680089
0.125	0.115	486.8	0.089038031
0.125	0.116	491.4	0.099328859
0.125	0.117	485	0.085011186
0.125	0.118	475.9	0.064653244
0.125	0.119	486.7	0.088814318
0.125	0.12	486.3	0.087919463
0.125	0.121	483.5	0.081655481
0.125	0.122	491.7	0.1
0.125	0.123	489.8	0.095749441
0.125	0.124	488.6	0.093064877
0.126	0	444.4	0.005816555
0.126	0.001	442.7	0.009619687
0.126	0.002	444.4	0.005816555
0.126	0.003	441.4	0.012527964
0.126	0.004	442.9	0.00917226
0.126	0.005	444	0.006711409
0.126	0.006	441.8	0.01163311
0.126	0.007	442.2	0.010738255
0.126	0.008	435	0.026845638
0.126	0.009	446.7	0.000671141
0.126	0.01	444.3	0.006040268
0.126	0.011	445.6	0.003131991
0.126	0.012	447.7	0.001565996
0.126	0.013	446	0.002237136
0.126	0.014	450.4	0.007606264
0.126	0.015	442.1	0.010961969
0.126	0.016	455.4	0.018791946
0.126	0.017	448.6	0.003579418
0.126	0.018	448.1	0.00246085
0.126	0.019	449.7	0.006040268
0.126	0.02	451.3	0.009619687
0.126	0.021	455.4	0.018791946
0.126	0.022	455.3	0.018568233
0.126	0.023	450	0.006711409
0.126	0.024	453	0.013422819
0.126	0.025	447	0
0.126	0.026	453	0.013422819
0.126	0.027	449.7	0.006040268
0.126	0.028	452.6	0.012527964
0.126	0.029	453.2	0.013870246
0.126	0.03	456.9	0.022147651
0.126	0.031	452.2	0.01163311
0.126	0.032	454.4	0.01655481
0.126	0.033	453.5	0.014541387
0.126	0.034	456.7	0.021700224
0.126	0.035	460.4	0.029977629
0.126	0.036	452.5	0.012304251
0.126	0.037	465.3	0.040939597
0.126	0.038	451.8	0.010738255
0.126	0.039	459.2	0.027293065
0.126	0.04	457.6	0.023713647
0.126	0.041	453.4	0.014317673
0.126	0.042	450.2	0.007158837
0.126	0.043	462.9	0.03557047
0.126	0.044	455	0.017897092
0.126	0.045	461.6	0.032662192
0.126	0.046	451.4	0.0098434
0.126	0.047	459.1	0.027069351
0.126	0.048	455.1	0.018120805
0.126	0.049	466.4	0.043400447
0.126	0.05	463.8	0.037583893
0.126	0.051	466.8	0.044295302
0.126	0.052	464.9	0.040044743
0.126	0.053	461.9	0.033333333
0.126	0.054	463.8	0.037583893
0.126	0.055	456.9	0.022147651
0.126	0.056	465.8	0.042058166
0.126	0.057	465	0.040268456
0.126	0.058	468	0.046979866
0.126	0.059	460.4	0.029977629
0.126	0.06	467.1	0.044966443
0.126	0.061	466.8	0.044295302
0.126	0.062	468	0.046979866
0.126	0.063	459.9	0.02885906
0.126	0.064	465.6	0.041610738
0.126	0.065	468.3	0.047651007
0.126	0.066	466.4	0.043400447
0.126	0.067	470.2	0.051901566
0.126	0.068	459.6	0.028187919
0.126	0.069	471.5	0.054809843
0.126	0.07	471.7	0.055257271
0.126	0.071	471.6	0.055033557
0.126	0.072	472.7	0.057494407
0.126	0.073	474.7	0.06196868
0.126	0.074	462.1	0.033780761
0.126	0.075	470.2	0.051901566
0.126	0.076	473.8	0.059955257
0.126	0.077	472.1	0.056152125
0.126	0.078	472	0.055928412
0.126	0.079	470.3	0.05212528
0.126	0.08	465.6	0.041610738
0.126	0.081	475.4	0.063534676
0.126	0.082	479.5	0.072706935
0.126	0.083	476.9	0.06689038
0.126	0.084	467.7	0.046308725
0.126	0.085	470.1	0.051677852
0.126	0.086	472.8	0.057718121
0.126	0.087	475.7	0.064205817
0.126	0.088	480.5	0.074944072
0.126	0.089	478.1	0.069574944
0.126	0.09	480.2	0.074272931
0.126	0.091	473.5	0.059284116
0.126	0.092	475.4	0.063534676
0.126	0.093	479.9	0.07360179
0.126	0.094	474.2	0.060850112
0.126	0.095	478.8	0.07114094
0.126	0.096	475.6	0.063982103
0.126	0.097	477.1	0.067337808
0.126	0.098	481.8	0.077852349
0.126	0.099	480.6	0.075167785
0.126	0.1	486.8	0.089038031
0.126	0.101	482.4	0.079194631
0.126	0.102	489.7	0.095525727
0.126	0.103	470.3	0.05212528
0.126	0.104	480.9	0.075838926
0.126	0.105	479.7	0.073154362
0.126	0.106	485.6	0.086353468
0.126	0.107	480.5	0.074944072
0.126	0.108	484.1	0.082997763
0.126	0.109	482.7	0.079865772
0.126	0.11	480.3	0.074496644
0.126	0.111	482.4	0.079194631
0.126	0.112	474.7	0.06196868
0.126	0.113	478	0.06935123
0.126	0.114	488.6	0.093064877
0.126	0.115	483.7	0.082102908
0.126	0.116	489.1	0.094183445
0.126	0.117	480.5	0.074944072
0.126	0.118	485.9	0.087024609
0.126	0.119	491.1	0.098657718
0.126	0.12	487.2	0.089932886
0.126	0.121	480.3	0.074496644
0.126	0.122	485.1	0.085234899
0.126	0.123	490	0.096196868
0.126	0.124	485.2	0.085458613
0.126	0.125	486.9	0.089261745
0.127	0	437.8	0.020581655
0.127	0.001	444.6	0.005369128
0.127	0.002	440.6	0.014317673
0.127	0.003	446.1	0.002013423
0.127	0.004	439.1	0.017673378
0.127	0.005	438.6	0.018791946
0.127	0.006	446.2	0.001789709
0.127	0.007	448.9	0.004250559
0.127	0.008	444.4	0.005816555
0.127	0.009	448.4	0.003131991
0.127	0.01	446.5	0.001118568
0.127	0.011	447.9	0.002013423
0.127	0.012	444.1	0.006487696
0.127	0.013	445.5	0.003355705
0.127	0.014	454.1	0.015883669
0.127	0.015	447.7	0.001565996
0.127	0.016	455.2	0.018344519
0.127	0.017	451.9	0.010961969
0.127	0.018	447.9	0.002013423
0.127	0.019	449.9	0.006487696
0.127	0.02	448.9	0.004250559
0.127	0.021	456.2	0.020581655
0.127	0.022	445.7	0.002908277
0.127	0.023	463.4	0.036689038
0.127	0.024	460.8	0.030872483
0.127	0.025	459.5	0.027964206
0.127	0.026	451.7	0.010514541
0.127	0.027	444	0.006711409
0.127	0.028	453.6	0.014765101
0.127	0.029	454.7	0.017225951
0.127	0.03	453.3	0.01409396
0.127	0.031	456.1	0.020357942
0.127	0.032	458	0.024608501
0.127	0.033	451.8	0.010738255
0.127	0.034	457.2	0.022818792
0.127	0.035	459.1	0.027069351
0.127	0.036	452	0.011185682
0.127	0.037	454.4	0.01655481
0.127	0.038	458.2	0.025055928
0.127	0.039	449.5	0.005592841
0.127	0.04	458.2	0.025055928
0.127	0.041	470.7	0.053020134
0.127	0.042	460.6	0.030425056
0.127	0.043	457.9	0.024384787
0.127	0.044	462	0.033557047
0.127	0.045	464.5	0.039149888
0.127	0.046	465.3	0.040939597
0.127	0.047	461.1	0.031543624
0.127	0.048	461.2	0.031767338
0.127	0.049	462.8	0.035346756
0.127	0.05	464.7	0.039597315
0.127	0.051	459.5	0.027964206
0.127	0.052	467.5	0.045861298
0.127	0.053	460.5	0.030201342
0.127	0.054	462	0.033557047
0.127	0.055	460.5	0.030201342
0.127	0.056	466.3	0.043176734
0.127	0.057	465.5	0.041387025
0.127	0.058	476.3	0.065548098
0.127	0.059	463.8	0.037583893
0.127	0.06	466.1	0.042729306
0.127	0.061	468.8	0.048769575
0.127	0.062	474	0.060402685
0.127	0.063	467.3	0.04541387
0.127	0.064	469.1	0.049440716
0.127	0.065	467.6	0.046085011
0.127	0.066	478.3	0.070022371
0.127	0.067	467.8	0.046532438
0.127	0.068	470.4	0.052348993
0.127	0.069	471.1	0.053914989
0.127	0.07	468.6	0.048322148
0.127	0.071	477.7	0.068680089
0.127	0.072	466.5	0.043624161
0.127	0.073	473.7	0.059731544
0.127	0.074	480.6	0.075167785
0.127	0.075	474.7	0.06196868
0.127	0.076	474.6	0.061744966
0.127	0.077	473.8	0.059955257
0.127	0.078	480.6	0.075167785
0.127	0.079	475.5	0.063758389
0.127	0.08	469.2	0.04966443
0.127	0.081	474.3	0.061073826
0.127	0.082	474.9	0.062416107
0.127	0.083	480.4	0.074720358
0.127	0.084	478.5	0.070469799
0.127	0.085	474.7	0.06196868
0.127	0.086	475.5	0.063758389
0.127	0.087	475.1	0.062863535
0.127	0.088	476.7	0.066442953
0.127	0.089	477.8	0.068903803
0.127	0.09	480.6	0.075167785
0.127	0.091	475.9	0.064653244
0.127	0.092	473.7	0.059731544
0.127	0.093	476.3	0.065548098
0.127	0.094	480	0.073825503
0.127	0.095	489	0.093959732
0.127	0.096	480.9	0.075838926
0.127	0.097	476.8	0.066666667
0.127	0.098	487	0.089485459
0.127	0.099	476.9	0.06689038
0.127	0.1	479.4	0.072483221
0.127	0.101	484.1	0.082997763
0.127	0.102	475.6	0.063982103
0.127	0.103	486.4	0.088143177
0.127	0.104	485.5	0.086129754
0.127	0.105	479	0.071588367
0.127	0.106	481.9	0.078076063
0.127	0.107	476.5	0.065995526
0.127	0.108	484.5	0.083892617
0.127	0.109	482.3	0.078970917
0.127	0.11	485.7	0.086577181
0.127	0.111	484.5	0.083892617
0.127	0.112	490.9	0.098210291
0.127	0.113	490.5	0.097315436
0.127	0.114	484.3	0.08344519
0.127	0.115	487.3	0.0901566
0.127	0.116	488.6	0.093064877
0.127	0.117	491.3	0.099105145
0.127	0.118	485.7	0.086577181
0.127	0.119	486.2	0.087695749
0.127	0.12	485.8	0.086800895
0.127	0.121	492.7	0.102237136
0.127	0.122	481.5	0.077181208
0.127	0.123	488.5	0.092841163
0.127	0.124	487	0.089485459
0.127	0.125	489.6	0.095302013
0.127	0.126	495.7	0.108948546
0.128	0	448.4	0.003131991
0.128	0.001	441.6	0.012080537
0.128	0.002	446.2	0.001789709
0.128	0.003	445.9	0.00246085
0.128	0.004	450	0.006711409
0.128	0.005	447.3	0.000671141
0.128	0.006	439.1	0.017673378
0.128	0.007	441	0.013422819
0.128	0.008	444.5	0.005592841
0.128	0.009	450.3	0.00738255
0.128	0.01	441.8	0.01163311
0.128	0.011	447.5	0.001118568
0.128	0.012	457.2	0.022818792
0.128	0.013	448.3	0.002908277
0.128	0.014	451.8	0.010738255
0.128	0.015	443.6	0.007606264
0.128	0.016	450.6	0.008053691
0.128	0.017	459.2	0.027293065
0.128	0.018	456.3	0.020805369
0.128	0.019	452.6	0.012527964
0.128	0.02	454.9	0.017673378
0.128	0.021	445.4	0.003579418
0.128	0.022	453.8	0.015212528
0.128	0.023	456.5	0.021252796
0.128	0.024	458.3	0.025279642
0.128	0.025	450.6	0.008053691
0.128	0.026	457.6	0.023713647
0.128	0.027	462.6	0.034899329
0.128	0.028	455.7	0.019463087
0.128	0.029	454.2	0.016107383
0.128	0.03	460.2	0.029530201
0.128	0.031	454.8	0.017449664
0.128	0.032	456.1	0.020357942
0.128	0.033	461	0.031319911
0.128	0.034	461.8	0.03310962
0.128	0.035	458.6	0.025950783
0.128	0.036	464	0.03803132
0.128	0.037	457.9	0.024384787
0.128	0.038	453.7	0.014988814
0.128	0.039	463.1	0.036017897
0.128	0.04	457.9	0.024384787
0.128	0.041	456.1	0.020357942
0.128	0.042	466.2	0.04295302
0.128	0.043	459.5	0.027964206
0.128	0.044	468.6	0.048322148
0.128	0.045	466	0.042505593
0.128	0.046	462.4	0.034451902
0.128	0.047	465.3	0.040939597
0.128	0.048	463.5	0.036912752
0.128	0.049	462.7	0.035123043
0.128	0.05	469.9	0.051230425
0.128	0.051	460.9	0.031096197
0.128	0.052	475.4	0.063534676
0.128	0.053	466.5	0.043624161
0.128	0.054	467.5	0.045861298
0.128	0.055	461.3	0.031991051
0.128	0.056	473.8	0.059955257
0.128	0.057	468.7	0.048545861
0.128	0.058	468.6	0.048322148
0.128	0.059	468.5	0.048098434
0.128	0.06	465.8	0.042058166
0.128	0.061	464.1	0.038255034
0.128	0.062	466.5	0.043624161
0.128	0.063	466.4	0.043400447
0.128	0.064	467.5	0.045861298
0.128	0.065	475.2	0.063087248
0.128	0.066	476	0.064876957
0.128	0.067	471.7	0.055257271
0.128	0.068	468.2	0.047427293
0.128	0.069	465	0.040268456
0.128	0.07	472	0.055928412
0.128	0.071	464.3	0.038702461
0.128	0.072	469.8	0.051006711
0.128	0.073	467.5	0.045861298
0.128	0.074	478.7	0.070917226
0.128	0.075	473.1	0.058389262
0.128	0.076	478.7	0.070917226
0.128	0.077	477.6	0.068456376
0.128	0.078	474.4	0.061297539
0.128	0.079	473.5	0.059284116
0.128	0.08	471.7	0.055257271
0.128	0.081	471	0.053691275
0.128	0.082	476.9	0.06689038
0.128	0.083	474.8	0.062192394
0.128	0.084	473.1	0.058389262
0.128	0.085	488	0.091722595
0.128	0.086	483	0.080536913
0.128	0.087	483.2	0.08098434
0.128	0.088	470.1	0.051677852
0.128	0.089	474.5	0.061521253
0.128	0.09	483.4	0.081431767
0.128	0.091	482.7	0.079865772
0.128	0.092	480.5	0.074944072
0.128	0.093	475.7	0.064205817
0.128	0.094	473.5	0.059284116
0.128	0.095	479.6	0.072930649
0.128	0.096	474.8	0.062192394
0.128	0.097	481	0.07606264
0.128	0.098	485	0.085011186
0.128	0.099	483.8	0.082326622
0.128	0.1	481.8	0.077852349
0.128	0.101	478.5	0.070469799
0.128	0.102	485.3	0.085682327
0.128	0.103	481.9	0.078076063
0.128	0.104	485.5	0.086129754
0.128	0.105	482.9	0.080313199
0.128	0.106	477.7	0.068680089
0.128	0.107	484.2	0.083221477
0.128	0.108	494	0.105145414
0.128	0.109	490.7	0.097762864
0.128	0.11	494.6	0.106487696
0.128	0.111	490.7	0.097762864
0.128	0.112	488.3	0.092393736
0.128	0.113	488.5	0.092841163
0.128	0.114	481.3	0.076733781
0.128	0.115	491.3	0.099105145
0.128	0.116	483.7	0.082102908
0.128	0.117	489.9	0.095973154
0.128	0.118	486.3	0.087919463
0.128	0.119	488.6	0.093064877
0.128	0.12	492.9	0.102684564
0.128	0.121	495.3	0.108053691
0.128	0.122	490.6	0.09753915
0.128	0.123	487.7	0.091051454
0.128	0.124	483.5	0.081655481
0.128	0.125	498.6	0.115436242
0.128	0.126	491.4	0.099328859
0.128	0.127	490.7	0.097762864
0.129	0	442.1	0.010961969
0.129	0.001	448.9	0.004250559
0.129	0.002	456.2	0.020581655
0.129	0.003	448.6	0.003579418
0.129	0.004	447.3	0.000671141
0.129	0.005	455.9	0.019910515
0.129	0.006	449.2	0.0049217
0.129	0.007	447	0
0.129	0.008	449.9	0.006487696
0.129	0.009	446.6	0.000894855
0.129	0.01	446	0.002237136
0.129	0.011	454.2	0.016107383
0.129	0.012	451	0.008948546
0.129	0.013	456.6	0.02147651
0.129	0.014	439.7	0.016331096
0.129	0.015	457.1	0.022595078
0.129	0.016	454.9	0.017673378
0.129	0.017	456.6	0.02147651
0.129	0.018	452.6	0.012527964
0.129	0.019	449.5	0.005592841
0.129	0.02	451.3	0.009619687
0.129	0.021	452.4	0.012080537
0.129	0.022	461.1	0.031543624
0.129	0.023	461.6	0.032662192
0.129	0.024	452.1	0.011409396
0.129	0.025	452.4	0.012080537
0.129	0.026	459.3	0.027516779
0.129	0.027	453.9	0.015436242
0.129	0.028	460.3	0.029753915
0.129	0.029	450	0.006711409
0.129	0.03	453.8	0.015212528
0.129	0.031	463.7	0.037360179
0.129	0.032	461.9	0.033333333
0.129	0.033	462.5	0.034675615
0.129	0.034	462.7	0.035123043
0.129	0.035	459.9	0.02885906
0.129	0.036	459.5	0.027964206
0.129	0.037	465.8	0.042058166
0.129	0.038	465	0.040268456
0.129	0.039	457.3	0.023042506
0.129	0.04	466.8	0.044295302
0.129	0.041	464.2	0.038478747
0.129	0.042	466.4	0.043400447
0.129	0.043	469	0.049217002
0.129	0.044	462.8	0.035346756
0.129	0.045	468.6	0.048322148
0.129	0.046	467.3	0.04541387
0.129	0.047	465.3	0.040939597
0.129	0.048	472.4	0.056823266
0.129	0.049	470.2	0.051901566
0.129	0.05	468.4	0.04787472
0.129	0.051	466.5	0.043624161
0.129	0.052	467.5	0.045861298
0.129	0.053	463.4	0.036689038
0.129	0.054	466.5	0.043624161
0.129	0.055	476	0.064876957
0.129	0.056	466.8	0.044295302
0.129	0.057	469.1	0.049440716
0.129	0.058	472.7	0.057494407
0.129	0.059	470.3	0.05212528
0.129	0.06	475.1	0.062863535
0.129	0.061	466.7	0.044071588
0.129	0.062	468.9	0.048993289
0.129	0.063	479	0.071588367
0.129	0.064	468.1	0.047203579
0.129	0.065	472.5	0.05704698
0.129	0.066	470.9	0.053467562
0.129	0.067	470.1	0.051677852
0.129	0.068	474.2	0.060850112
0.129	0.069	471.6	0.055033557
0.129	0.07	477.1	0.067337808
0.129	0.071	475.5	0.063758389
0.129	0.072	474.6	0.061744966
0.129	0.073	474.3	0.061073826
0.129	0.074	476.4	0.065771812
0.129	0.075	472.6	0.057270694
0.129	0.076	473.8	0.059955257
0.129	0.077	479.9	0.07360179
0.129	0.078	480.3	0.074496644
0.129	0.079	478.9	0.071364653
0.129	0.08	484.2	0.083221477
0.129	0.081	472.1	0.056152125
0.129	0.082	479.7	0.073154362
0.129	0.083	487.4	0.090380313
0.129	0.084	488.6	0.093064877
0.129	0.085	473.8	0.059955257
0.129	0.086	476.4	0.065771812
0.129	0.087	480.8	0.075615213
0.129	0.088	477.4	0.068008949
0.129	0.089	479.3	0.072259508
0.129	0.09	481.4	0.076957494
0.129	0.091	478.4	0.070246085
0.129	0.092	482.7	0.079865772
0.129	0.093	486.5	0.08836689
0.129	0.094	488.9	0.093736018
0.129	0.095	484.3	0.08344519
0.129	0.096	486.3	0.087919463
0.129	0.097	487.1	0.089709172
0.129	0.098	484	0.082774049
0.129	0.099	485.3	0.085682327
0.129	0.1	477.3	0.067785235
0.129	0.101	487.2	0.089932886
0.129	0.102	481.1	0.076286353
0.129	0.103	479	0.071588367
0.129	0.104	480.6	0.075167785
0.129	0.105	488.2	0.092170022
0.129	0.106	489.4	0.094854586
0.129	0.107	491.4	0.099328859
0.129	0.108	487.7	0.091051454
0.129	0.109	482.5	0.079418345
0.129	0.11	488.4	0.09261745
0.129	0.111	494.8	0.106935123
0.129	0.112	490.1	0.096420582
0.129	0.113	487.8	0.091275168
0.129	0.114	479.3	0.072259508
0.129	0.115	494.6	0.106487696
0.129	0.116	496.6	0.110961969
0.129	0.117	499.5	0.117449664
0.129	0.118	489.9	0.095973154
0.129	0.119	488.7	0.093288591
0.129	0.12	489.3	0.094630872
0.129	0.121	486.9	0.089261745
0.129	0.122	497.5	0.112975391
0.129	0.123	493.9	0.1049217
0.129	0.124	495.4	0.108277405
0.129	0.125	499.2	0.116778523
0.129	0.126	492.1	0.100894855
0.129	0.127	497.4	0.112751678
0.129	0.128	489.2	0.094407159
0.13	0	446.2	0.001789709
0.13	0.001	455.1	0.018120805
0.13	0.002	449.5	0.005592841
0.13	0.003	447.7	0.001565996
0.13	0.004	449	0.004474273
0.13	0.005	446.6	0.000894855
0.13	0.006	452.5	0.012304251
0.13	0.007	454.4	0.01655481
0.13	0.008	455	0.017897092
0.13	0.009	453.1	0.013646532
0.13	0.01	453.3	0.01409396
0.13	0.011	451.1	0.00917226
0.13	0.012	453	0.013422819
0.13	0.013	456.9	0.022147651
0.13	0.014	455.6	0.019239374
0.13	0.015	453.5	0.014541387
0.13	0.016	457.1	0.022595078
0.13	0.017	450.4	0.007606264
0.13	0.018	454.8	0.017449664
0.13	0.019	459.4	0.027740492
0.13	0.02	457.3	0.023042506
0.13	0.021	453.2	0.013870246
0.13	0.022	463.6	0.037136465
0.13	0.023	460.4	0.029977629
0.13	0.024	458.5	0.025727069
0.13	0.025	453.9	0.015436242
0.13	0.026	457.4	0.023266219
0.13	0.027	456.2	0.020581655
0.13	0.028	459.5	0.027964206
0.13	0.029	466	0.042505593
0.13	0.03	462.1	0.033780761
0.13	0.031	456	0.020134228
0.13	0.032	461.9	0.033333333
0.13	0.033	464	0.03803132
0.13	0.034	466.5	0.043624161
0.13	0.035	460.1	0.029306488
0.13	0.036	462.6	0.034899329
0.13	0.037	462.4	0.034451902
0.13	0.038	458.7	0.026174497
0.13	0.039	462.1	0.033780761
0.13	0.04	462.7	0.035123043
0.13	0.041	468.9	0.048993289
0.13	0.042	465.5	0.041387025
0.13	0.043	461.2	0.031767338
0.13	0.044	466.9	0.044519016
0.13	0.045	466.2	0.04295302
0.13	0.046	463.2	0.036241611
0.13	0.047	465.1	0.04049217
0.13	0.048	465.1	0.04049217
0.13	0.049	475.8	0.06442953
0.13	0.05	460.6	0.030425056
0.13	0.051	469.2	0.04966443
0.13	0.052	471.8	0.055480984
0.13	0.053	462.2	0.034004474
0.13	0.054	469.5	0.05033557
0.13	0.055	468.8	0.048769575
0.13	0.056	470.7	0.053020134
0.13	0.057	462.9	0.03557047
0.13	0.058	468.8	0.048769575
0.13	0.059	474.3	0.061073826
0.13	0.06	480	0.073825503
0.13	0.061	478.6	0.070693512
0.13	0.062	468.1	0.047203579
0.13	0.063	473.2	0.058612975
0.13	0.064	466.8	0.044295302
0.13	0.065	474.8	0.062192394
0.13	0.066	481.7	0.077628635
0.13	0.067	472	0.055928412
0.13	0.068	471.4	0.05458613
0.13	0.069	476.6	0.066219239
0.13	0.07	476.6	0.066219239
0.13	0.071	476.5	0.065995526
0.13	0.072	483.6	0.081879195
0.13	0.073	471.7	0.055257271
0.13	0.074	472.3	0.056599553
0.13	0.075	477.2	0.067561521
0.13	0.076	473.3	0.058836689
0.13	0.077	479.4	0.072483221
0.13	0.078	478.9	0.071364653
0.13	0.079	473	0.058165548
0.13	0.08	479.3	0.072259508
0.13	0.081	482.9	0.080313199
0.13	0.082	481.6	0.077404922
0.13	0.083	478.4	0.070246085
0.13	0.084	485.9	0.087024609
0.13	0.085	480.4	0.074720358
0.13	0.086	487.7	0.091051454
0.13	0.087	481.1	0.076286353
0.13	0.088	482.4	0.079194631
0.13	0.089	484.4	0.083668904
0.13	0.09	479.2	0.072035794
0.13	0.091	482.8	0.080089485
0.13	0.092	484.4	0.083668904
0.13	0.093	485	0.085011186
0.13	0.094	489.4	0.094854586
0.13	0.095	486.7	0.088814318
0.13	0.096	478.2	0.069798658
0.13	0.097	488.3	0.092393736
0.13	0.098	485.7	0.086577181
0.13	0.099	493.4	0.103803132
0.13	0.1	486.3	0.087919463
0.13	0.101	478.1	0.069574944
0.13	0.102	490.6	0.09753915
0.13	0.103	481.7	0.077628635
0.13	0.104	493.6	0.104250559
0.13	0.105	490.1	0.096420582
0.13	0.106	491.6	0.099776286
0.13	0.107	487.9	0.091498881
0.13	0.108	485.3	0.085682327
0.13	0.109	493.6	0.104250559
0.13	0.11	489.4	0.094854586
0.13	0.111	490.4	0.097091723
0.13	0.112	486.7	0.088814318
0.13	0.113	486.5	0.08836689
0.13	0.114	490.2	0.096644295
0.13	0.115	481.7	0.077628635
0.13	0.116	489.5	0.0950783
0.13	0.117	489.2	0.094407159
0.13	0.118	489.8	0.095749441
0.13	0.119	496.1	0.1098434
0.13	0.12	495	0.10738255
0.13	0.121	499.1	0.11655481
0.13	0.122	499.9	0.118344519
0.13	0.123	494.4	0.106040268
0.13	0.124	495.4	0.108277405
0.13	0.125	494.6	0.106487696
0.13	0.126	501.3	0.12147651
0.13	0.127	493	0.102908277
0.13	0.128	495.6	0.108724832
0.13	0.129	498.5	0.115212528
0.131	0	452.7	0.012751678
0.131	0.001	452.4	0.012080537
0.131	0.002	445	0.004474273
0.131	0.003	452.8	0.012975391
0.131	0.004	457.1	0.022595078
0.131	0.005	449.9	0.006487696
0.131	0.006	450.7	0.008277405
0.131	0.007	455.1	0.018120805
0.131	0.008	459.6	0.028187919
0.131	0.009	454.6	0.017002237
0.131	0.01	460.2	0.029530201
0.131	0.011	455.9	0.019910515
0.131	0.012	454.7	0.017225951
0.131	0.013	453.3	0.01409396
0.131	0.014	447	0
0.131	0.015	456.8	0.021923937
0.131	0.016	462.7	0.035123043
0.131	0.017	458.5	0.025727069
0.131	0.018	452.9	0.013199105
0.131	0.019	457.9	0.024384787
0.131	0.02	455.9	0.019910515
0.131	0.021	465	0.040268456
0.131	0.022	455.9	0.019910515
0.131	0.023	463.7	0.037360179
0.131	0.024	456.8	0.021923937
0.131	0.025	461	0.031319911
0.131	0.026	460.7	0.03064877
0.131	0.027	461.5	0.032438479
0.131	0.028	461.1	0.031543624
0.131	0.029	453.4	0.014317673
0.131	0.03	452.4	0.012080537
0.131	0.031	464	0.03803132
0.131	0.032	465.1	0.04049217
0.131	0.033	464.7	0.039597315
0.131	0.034	469.3	0.049888143
0.131	0.035	462.8	0.035346756
0.131	0.036	464.1	0.038255034
0.131	0.037	467.7	0.046308725
0.131	0.038	463.7	0.037360179
0.131	0.039	461.4	0.032214765
0.131	0.04	459.7	0.028411633
0.131	0.041	468.1	0.047203579
0.131	0.042	467.2	0.045190157
0.131	0.043	466.3	0.043176734
0.131	0.044	470.5	0.052572707
0.131	0.045	463.6	0.037136465
0.131	0.046	466.7	0.044071588
0.131	0.047	470.8	0.053243848
0.131	0.048	467	0.044742729
0.131	0.049	465	0.040268456
0.131	0.05	470.2	0.051901566
0.131	0.051	474.4	0.061297539
0.131	0.052	470.4	0.052348993
0.131	0.053	474.9	0.062416107
0.131	0.054	475.3	0.063310962
0.131	0.055	470.3	0.05212528
0.131	0.056	468	0.046979866
0.131	0.057	476.2	0.065324385
0.131	0.058	475.4	0.063534676
0.131	0.059	475.3	0.063310962
0.131	0.06	472.1	0.056152125
0.131	0.061	467.7	0.046308725
0.131	0.062	468	0.046979866
0.131	0.063	475.8	0.06442953
0.131	0.064	466.3	0.043176734
0.131	0.065	474.6	0.061744966
0.131	0.066	478.3	0.070022371
0.131	0.067	473.8	0.059955257
0.131	0.068	472.2	0.056375839
0.131	0.069	480.9	0.075838926
0.131	0.07	469.8	0.051006711
0.131	0.071	478.3	0.070022371
0.131	0.072	486.5	0.08836689
0.131	0.073	476.5	0.065995526
0.131	0.074	483.5	0.081655481
0.131	0.075	473.4	0.059060403
0.131	0.076	482.1	0.07852349
0.131	0.077	480.3	0.074496644
0.131	0.078	484.7	0.084340045
0.131	0.079	468.7	0.048545861
0.131	0.08	481.6	0.077404922
0.131	0.081	486.9	0.089261745
0.131	0.082	474.1	0.060626398
0.131	0.083	477.2	0.067561521
0.131	0.084	483.7	0.082102908
0.131	0.085	482.5	0.079418345
0.131	0.086	479.8	0.073378076
0.131	0.087	484.5	0.083892617
0.131	0.088	479.7	0.073154362
0.131	0.089	475.8	0.06442953
0.131	0.09	489.5	0.0950783
0.131	0.091	481.8	0.077852349
0.131	0.092	490.4	0.097091723
0.131	0.093	485.9	0.087024609
0.131	0.094	484.3	0.08344519
0.131	0.095	488.4	0.09261745
0.131	0.096	485.6	0.086353468
0.131	0.097	486	0.087248322
0.131	0.098	486.5	0.08836689
0.131	0.099	487.5	0.090604027
0.131	0.1	488.5	0.092841163
0.131	0.101	488.3	0.092393736
0.131	0.102	487.3	0.0901566
0.131	0.103	481.6	0.077404922
0.131	0.104	490.9	0.098210291
0.131	0.105	488.2	0.092170022
0.131	0.106	493.4	0.103803132
0.131	0.107	494.5	0.106263982
0.131	0.108	487.7	0.091051454
0.131	0.109	480.5	0.074944072
0.131	0.11	488	0.091722595
0.131	0.111	489	0.093959732
0.131	0.112	482.9	0.080313199
0.131	0.113	495.7	0.108948546
0.131	0.114	495.6	0.108724832
0.131	0.115	493.6	0.104250559
0.131	0.116	501.7	0.122371365
0.131	0.117	498.6	0.115436242
0.131	0.118	495.4	0.108277405
0.131	0.119	493.7	0.104474273
0.131	0.12	495.1	0.107606264
0.131	0.121	494.6	0.106487696
0.131	0.122	493.8	0.104697987
0.131	0.123	497.9	0.113870246
0.131	0.124	500.1	0.118791946
0.131	0.125	498.1	0.114317673
0.131	0.126	492.3	0.101342282
0.131	0.127	499	0.116331096
0.131	0.128	504.6	0.12885906
0.131	0.129	502.5	0.124161074
0.131	0.13	495.3	0.108053691
0.132	0	450.5	0.007829978
0.132	0.001	451.2	0.009395973
0.132	0.002	443.3	0.008277405
0.132	0.003	449.8	0.006263982
0.132	0.004	452	0.011185682
0.132	0.005	457.7	0.02393736
0.132	0.006	461.4	0.032214765
0.132	0.007	457.2	0.022818792
0.132	0.008	456.5	0.021252796
0.132	0.009	458	0.024608501
0.132	0.01	459.3	0.027516779
0.132	0.011	451.8	0.010738255
0.132	0.012	458.5	0.025727069
0.132	0.013	453	0.013422819
0.132	0.014	460.3	0.029753915
0.132	0.015	461.2	0.031767338
0.132	0.016	460.8	0.030872483
0.132	0.017	456.1	0.020357942
0.132	0.018	460.7	0.03064877
0.132	0.019	460	0.029082774
0.132	0.02	463.2	0.036241611
0.132	0.021	465.4	0.041163311
0.132	0.022	452.2	0.01163311
0.132	0.023	463	0.035794183
0.132	0.024	454.9	0.017673378
0.132	0.025	462.9	0.03557047
0.132	0.026	457.2	0.022818792
0.132	0.027	458.9	0.026621924
0.132	0.028	465.1	0.04049217
0.132	0.029	462.5	0.034675615
0.132	0.03	466.4	0.043400447
0.132	0.031	450.9	0.008724832
0.132	0.032	462.9	0.03557047
0.132	0.033	461.9	0.033333333
0.132	0.034	463.6	0.037136465
0.132	0.035	461.8	0.03310962
0.132	0.036	458.9	0.026621924
0.132	0.037	462.2	0.034004474
0.132	0.038	466.5	0.043624161
0.132	0.039	471.6	0.055033557
0.132	0.04	474.2	0.060850112
0.132	0.041	466.4	0.043400447
0.132	0.042	467.3	0.04541387
0.132	0.043	465.8	0.042058166
0.132	0.044	473.8	0.059955257
0.132	0.045	465.7	0.041834452
0.132	0.046	474.3	0.061073826
0.132	0.047	474.5	0.061521253
0.132	0.048	471.1	0.053914989
0.132	0.049	472.6	0.057270694
0.132	0.05	473.2	0.058612975
0.132	0.051	471.7	0.055257271
0.132	0.052	471.1	0.053914989
0.132	0.053	471	0.053691275
0.132	0.054	467.5	0.045861298
0.132	0.055	478.4	0.070246085
0.132	0.056	476.1	0.065100671
0.132	0.057	478.5	0.070469799
0.132	0.058	474	0.060402685
0.132	0.059	472.9	0.057941834
0.132	0.06	480.8	0.075615213
0.132	0.061	481.9	0.078076063
0.132	0.062	477.5	0.068232662
0.132	0.063	468.7	0.048545861
0.132	0.064	474.6	0.061744966
0.132	0.065	481.2	0.076510067
0.132	0.066	470.9	0.053467562
0.132	0.067	477.6	0.068456376
0.132	0.068	482.5	0.079418345
0.132	0.069	484	0.082774049
0.132	0.07	477.5	0.068232662
0.132	0.071	479.8	0.073378076
0.132	0.072	476.1	0.065100671
0.132	0.073	478.4	0.070246085
0.132	0.074	476.6	0.066219239
0.132	0.075	479	0.071588367
0.132	0.076	475.9	0.064653244
0.132	0.077	485.4	0.08590604
0.132	0.078	480.9	0.075838926
0.132	0.079	479.2	0.072035794
0.132	0.08	478.1	0.069574944
0.132	0.081	480	0.073825503
0.132	0.082	479.2	0.072035794
0.132	0.083	481.7	0.077628635
0.132	0.084	482.5	0.079418345
0.132	0.085	489	0.093959732
0.132	0.086	476.4	0.065771812
0.132	0.087	482.2	0.078747204
0.132	0.088	485.4	0.08590604
0.132	0.089	480.4	0.074720358
0.132	0.09	490.5	0.097315436
0.132	0.091	483.2	0.08098434
0.132	0.092	486.5	0.08836689
0.132	0.093	488	0.091722595
0.132	0.094	483.8	0.082326622
0.132	0.095	489.8	0.095749441
0.132	0.096	486.6	0.088590604
0.132	0.097	492.8	0.10246085
0.132	0.098	489.9	0.095973154
0.132	0.099	488.8	0.093512304
0.132	0.1	486.5	0.08836689
0.132	0.101	485.8	0.086800895
0.132	0.102	484.8	0.084563758
0.132	0.103	489.3	0.094630872
0.132	0.104	491.2	0.098881432
0.132	0.105	487.2	0.089932886
0.132	0.106	487.5	0.090604027
0.132	0.107	491.5	0.099552573
0.132	0.108	496.4	0.110514541
0.132	0.109	489.9	0.095973154
0.132	0.11	492.5	0.101789709
0.132	0.111	495.6	0.108724832
0.132	0.112	501.1	0.121029083
0.132	0.113	484	0.082774049
0.132	0.114	498	0.11409396
0.132	0.115	504.8	0.129306488
0.132	0.116	496.1	0.1098434
0.132	0.117	496.4	0.110514541
0.132	0.118	491.5	0.099552573
0.132	0.119	493.6	0.104250559
0.132	0.12	496.6	0.110961969
0.132	0.121	496.4	0.110514541
0.132	0.122	496.9	0.11163311
0.132	0.123	507	0.134228188
0.132	0.124	503.5	0.12639821
0.132	0.125	503.7	0.126845638
0.132	0.126	492.9	0.102684564
0.132	0.127	499.5	0.117449664
0.132	0.128	505	0.129753915
0.132	0.129	499.6	0.117673378
0.132	0.13	498.7	0.115659955
0.132	0.131	495.7	0.108948546
0.133	0	459.4	0.027740492
0.133	0.001	455.9	0.019910515
0.133	0.002	454	0.015659955
0.133	0.003	457.6	0.023713647
0.133	0.004	454.7	0.017225951
0.133	0.005	454.8	0.017449664
0.133	0.006	455.2	0.018344519
0.133	0.007	451.5	0.010067114
0.133	0.008	453.4	0.014317673
0.133	0.009	450.5	0.007829978
0.133	0.01	447.7	0.001565996
0.133	0.011	460.3	0.029753915
0.133	0.012	463.6	0.037136465
0.133	0.013	461.5	0.032438479
0.133	0.014	461.5	0.032438479
0.133	0.015	458.1	0.024832215
0.133	0.016	456.9	0.022147651
0.133	0.017	460.3	0.029753915
0.133	0.018	458.2	0.025055928
0.133	0.019	452.5	0.012304251
0.133	0.02	459.3	0.027516779
0.133	0.021	467.4	0.045637584
0.133	0.022	458.6	0.025950783
0.133	0.023	462.4	0.034451902
0.133	0.024	457.6	0.023713647
0.133	0.025	460.9	0.031096197
0.133	0.026	459.2	0.027293065
0.133	0.027	466.8	0.044295302
0.133	0.028	468.4	0.04787472
0.133	0.029	463.2	0.036241611
0.133	0.03	462.9	0.03557047
0.133	0.031	471.4	0.05458613
0.133	0.032	468.2	0.047427293
0.133	0.033	464.6	0.039373602
0.133	0.034	466.4	0.043400447
0.133	0.035	462.1	0.033780761
0.133	0.036	464.2	0.038478747
0.133	0.037	465.5	0.041387025
0.133	0.038	478.9	0.071364653
0.133	0.039	469.4	0.050111857
0.133	0.04	474.1	0.060626398
0.133	0.041	462.6	0.034899329
0.133	0.042	476.2	0.065324385
0.133	0.043	474.8	0.062192394
0.133	0.044	460.8	0.030872483
0.133	0.045	469.2	0.04966443
0.133	0.046	474	0.060402685
0.133	0.047	472.6	0.057270694
0.133	0.048	475.2	0.063087248
0.133	0.049	482.8	0.080089485
0.133	0.05	466.5	0.043624161
0.133	0.051	474.7	0.06196868
0.133	0.052	476.3	0.065548098
0.133	0.053	482.4	0.079194631
0.133	0.054	478.5	0.070469799
0.133	0.055	473.1	0.058389262
0.133	0.056	471.1	0.053914989
0.133	0.057	475.5	0.063758389
0.133	0.058	481.7	0.077628635
0.133	0.059	478.6	0.070693512
0.133	0.06	476	0.064876957
0.133	0.061	476.1	0.065100671
0.133	0.062	474.8	0.062192394
0.133	0.063	477.4	0.068008949
0.133	0.064	481.7	0.077628635
0.133	0.065	473.8	0.059955257
0.133	0.066	481.9	0.078076063
0.133	0.067	484.8	0.084563758
0.133	0.068	473.2	0.058612975
0.133	0.069	480.4	0.074720358
0.133	0.07	478.2	0.069798658
0.133	0.071	489.3	0.094630872
0.133	0.072	484.3	0.08344519
0.133	0.073	484.5	0.083892617
0.133	0.074	479.7	0.073154362
0.133	0.075	485.9	0.087024609
0.133	0.076	479.4	0.072483221
0.133	0.077	487.6	0.09082774
0.133	0.078	483.3	0.081208054
0.133	0.079	484.7	0.084340045
0.133	0.08	479.5	0.072706935
0.133	0.081	482.6	0.079642058
0.133	0.082	489.4	0.094854586
0.133	0.083	486.9	0.089261745
0.133	0.084	490.3	0.096868009
0.133	0.085	485.8	0.086800895
0.133	0.086	473.6	0.05950783
0.133	0.087	486.9	0.089261745
0.133	0.088	483.7	0.082102908
0.133	0.089	489.8	0.095749441
0.133	0.09	490.4	0.097091723
0.133	0.091	488.5	0.092841163
0.133	0.092	490	0.096196868
0.133	0.093	488.1	0.091946309
0.133	0.094	489.5	0.0950783
0.133	0.095	495.5	0.108501119
0.133	0.096	485.5	0.086129754
0.133	0.097	492.9	0.102684564
0.133	0.098	478.6	0.070693512
0.133	0.099	484	0.082774049
0.133	0.1	488	0.091722595
0.133	0.101	490.7	0.097762864
0.133	0.102	483.9	0.082550336
0.133	0.103	490.7	0.097762864
0.133	0.104	500.3	0.119239374
0.133	0.105	493.1	0.103131991
0.133	0.106	495.3	0.108053691
0.133	0.107	491.4	0.099328859
0.133	0.108	497.2	0.112304251
0.133	0.109	491.9	0.100447427
0.133	0.11	494.7	0.106711409
0.133	0.111	496.6	0.110961969
0.133	0.112	499.1	0.11655481
0.133	0.113	495.9	0.109395973
0.133	0.114	494.7	0.106711409
0.133	0.115	497.3	0.112527964
0.133	0.116	495.1	0.107606264
0.133	0.117	499.9	0.118344519
0.133	0.118	489.3	0.094630872
0.133	0.119	494.1	0.105369128
0.133	0.12	499.1	0.11655481
0.133	0.121	496.6	0.110961969
0.133	0.122	499.9	0.118344519
0.133	0.123	504.6	0.12885906
0.133	0.124	497.2	0.112304251
0.133	0.125	497.8	0.113646532
0.133	0.126	507	0.134228188
0.133	0.127	495.5	0.108501119
0.133	0.128	506.8	0.133780761
0.133	0.129	501.6	0.122147651
0.133	0.13	500.8	0.120357942
0.133	0.131	500.7	0.120134228
0.133	0.132	498.3	0.114765101
0.134	0	454.6	0.017002237
0.134	0.001	454.3	0.016331096
0.134	0.002	452.6	0.012527964
0.134	0.003	460.7	0.03064877
0.134	0.004	453.4	0.014317673
0.134	0.005	460.1	0.029306488
0.134	0.006	452.3	0.011856823
0.134	0.007	458.1	0.024832215
0.134	0.008	461.7	0.032885906
0.134	0.009	457.3	0.023042506
0.134	0.01	463.2	0.036241611
0.134	0.011	459.2	0.027293065
0.134	0.012	458.6	0.025950783
0.134	0.013	460.9	0.031096197
0.134	0.014	458.7	0.026174497
0.134	0.015	459	0.026845638
0.134	0.016	454.7	0.017225951
0.134	0.017	460.7	0.03064877
0.134	0.018	462.7	0.035123043
0.134	0.019	465.1	0.04049217
0.134	0.02	459	0.026845638
0.134	0.021	461	0.031319911
0.134	0.022	464.5	0.039149888
0.134	0.023	463.6	0.037136465
0.134	0.024	459.3	0.027516779
0.134	0.025	469	0.049217002
0.134	0.026	464.8	0.039821029
0.134	0.027	469.6	0.050559284
0.134	0.028	469.4	0.050111857
0.134	0.029	462	0.033557047
0.134	0.03	465.9	0.042281879
0.134	0.031	459	0.026845638
0.134	0.032	467.9	0.046756152
0.134	0.033	468.1	0.047203579
0.134	0.034	468.2	0.047427293
0.134	0.035	470.4	0.052348993
0.134	0.036	471.3	0.054362416
0.134	0.037	468.1	0.047203579
0.134	0.038	473.5	0.059284116
0.134	0.039	466.1	0.042729306
0.134	0.04	475.1	0.062863535
0.134	0.041	469.7	0.050782998
0.134	0.042	477.3	0.067785235
0.134	0.043	478.6	0.070693512
0.134	0.044	470.8	0.053243848
0.134	0.045	475.4	0.063534676
0.134	0.046	471.5	0.054809843
0.134	0.047	473.2	0.058612975
0.134	0.048	465.5	0.041387025
0.134	0.049	473.6	0.05950783
0.134	0.05	473.9	0.060178971
0.134	0.051	476.3	0.065548098
0.134	0.052	474.4	0.061297539
0.134	0.053	473.3	0.058836689
0.134	0.054	470.3	0.05212528
0.134	0.055	475.7	0.064205817
0.134	0.056	476.7	0.066442953
0.134	0.057	472.5	0.05704698
0.134	0.058	476.5	0.065995526
0.134	0.059	478.8	0.07114094
0.134	0.06	480	0.073825503
0.134	0.061	476.5	0.065995526
0.134	0.062	475.1	0.062863535
0.134	0.063	480	0.073825503
0.134	0.064	482.6	0.079642058
0.134	0.065	475.8	0.06442953
0.134	0.066	486.1	0.087472036
0.134	0.067	485	0.085011186
0.134	0.068	475.5	0.063758389
0.134	0.069	475.1	0.062863535
0.134	0.07	478.7	0.070917226
0.134	0.071	486.3	0.087919463
0.134	0.072	475.5	0.063758389
0.134	0.073	489.3	0.094630872
0.134	0.074	482.5	0.079418345
0.134	0.075	482.3	0.078970917
0.134	0.076	485.4	0.08590604
0.134	0.077	478.6	0.070693512
0.134	0.078	479.6	0.072930649
0.134	0.079	484.9	0.084787472
0.134	0.08	493.7	0.104474273
0.134	0.081	490.2	0.096644295
0.134	0.082	481.3	0.076733781
0.134	0.083	481.6	0.077404922
0.134	0.084	487.2	0.089932886
0.134	0.085	487.7	0.091051454
0.134	0.086	484.2	0.083221477
0.134	0.087	485.8	0.086800895
0.134	0.088	494.1	0.105369128
0.134	0.089	487.1	0.089709172
0.134	0.09	480.7	0.075391499
0.134	0.091	493.6	0.104250559
0.134	0.092	488.6	0.093064877
0.134	0.093	486.5	0.08836689
0.134	0.094	494.5	0.106263982
0.134	0.095	489	0.093959732
0.134	0.096	485.8	0.086800895
0.134	0.097	490	0.096196868
0.134	0.098	492	0.100671141
0.134	0.099	483.5	0.081655481
0.134	0.1	494.2	0.105592841
0.134	0.101	495.8	0.10917226
0.134	0.102	490.7	0.097762864
0.134	0.103	490.8	0.097986577
0.134	0.104	495.2	0.107829978
0.134	0.105	496.6	0.110961969
0.134	0.106	498.7	0.115659955
0.134	0.107	494.5	0.106263982
0.134	0.108	498.4	0.114988814
0.134	0.109	494.5	0.106263982
0.134	0.11	493.7	0.104474273
0.134	0.111	492	0.100671141
0.134	0.112	488.9	0.093736018
0.134	0.113	492.7	0.102237136
0.134	0.114	498.4	0.114988814
0.134	0.115	502.6	0.124384787
0.134	0.116	491.6	0.099776286
0.134	0.117	502.2	0.123489933
0.134	0.118	503.9	0.127293065
0.134	0.119	497.9	0.113870246
0.134	0.12	502	0.123042506
0.134	0.121	502.8	0.124832215
0.134	0.122	494.4	0.106040268
0.134	0.123	501.1	0.121029083
0.134	0.124	497.1	0.112080537
0.134	0.125	501.7	0.122371365
0.134	0.126	497.1	0.112080537
0.134	0.127	506.6	0.133333333
0.134	0.128	505.8	0.131543624
0.134	0.129	506.1	0.132214765
0.134	0.13	495.9	0.109395973
0.134	0.131	512.2	0.145861298
0.134	0.132	497.8	0.113646532
0.134	0.133	503.9	0.127293065
0.135	0	458.3	0.025279642
0.135	0.001	456.5	0.021252796
0.135	0.002	454.2	0.016107383
0.135	0.003	464.9	0.040044743
0.135	0.004	457.2	0.022818792
0.135	0.005	451.4	0.0098434
0.135	0.006	458.6	0.025950783
0.135	0.007	460.8	0.030872483
0.135	0.008	453.9	0.015436242
0.135	0.009	456.7	0.021700224
0.135	0.01	468.6	0.048322148
0.135	0.011	460.4	0.029977629
0.135	0.012	463.1	0.036017897
0.135	0.013	460.1	0.029306488
0.135	0.014	465.3	0.040939597
0.135	0.015	459.7	0.028411633
0.135	0.016	466.3	0.043176734
0.135	0.017	468.2	0.047427293
0.135	0.018	464.8	0.039821029
0.135	0.019	462.9	0.03557047
0.135	0.02	464.9	0.040044743
0.135	0.021	468	0.046979866
0.135	0.022	468.2	0.047427293
0.135	0.023	464	0.03803132
0.135	0.024	460.9	0.031096197
0.135	0.025	469.1	0.049440716
0.135	0.026	462.2	0.034004474
0.135	0.027	470.5	0.052572707
0.135	0.028	471.4	0.05458613
0.135	0.029	470.8	0.053243848
0.135	0.03	467.1	0.044966443
0.135	0.031	464.6	0.039373602
0.135	0.032	467	0.044742729
0.135	0.033	465	0.040268456
0.135	0.034	469.9	0.051230425
0.135	0.035	470.2	0.051901566
0.135	0.036	469	0.049217002
0.135	0.037	467.4	0.045637584
0.135	0.038	475.6	0.063982103
0.135	0.039	477.8	0.068903803
0.135	0.04	470.4	0.052348993
0.135	0.041	480.6	0.075167785
0.135	0.042	476.8	0.066666667
0.135	0.043	465.8	0.042058166
0.135	0.044	477.3	0.067785235
0.135	0.045	471.3	0.054362416
0.135	0.046	481.2	0.076510067
0.135	0.047	474.7	0.06196868
0.135	0.048	475	0.062639821
0.135	0.049	480.7	0.075391499
0.135	0.05	472.5	0.05704698
0.135	0.051	472.5	0.05704698
0.135	0.052	472.9	0.057941834
0.135	0.053	476.7	0.066442953
0.135	0.054	469.1	0.049440716
0.135	0.055	473.4	0.059060403
0.135	0.056	480.1	0.074049217
0.135	0.057	490.8	0.097986577
0.135	0.058	475.5	0.063758389
0.135	0.059	470.6	0.052796421
0.135	0.06	479.3	0.072259508
0.135	0.061	484.2	0.083221477
0.135	0.062	475.5	0.063758389
0.135	0.063	472.7	0.057494407
0.135	0.064	478.8	0.07114094
0.135	0.065	474.8	0.062192394
0.135	0.066	474.3	0.061073826
0.135	0.067	481.5	0.077181208
0.135	0.068	477.2	0.067561521
0.135	0.069	479.4	0.072483221
0.135	0.07	481.7	0.077628635
0.135	0.071	477.5	0.068232662
0.135	0.072	481.3	0.076733781
0.135	0.073	490.5	0.097315436
0.135	0.074	487.5	0.090604027
0.135	0.075	490.8	0.097986577
0.135	0.076	477.2	0.067561521
0.135	0.077	482.9	0.080313199
0.135	0.078	484.5	0.083892617
0.135	0.079	482.9	0.080313199
0.135	0.08	480.1	0.074049217
0.135	0.081	486.9	0.089261745
0.135	0.082	483	0.080536913
0.135	0.083	491.3	0.099105145
0.135	0.084	487.1	0.089709172
0.135	0.085	483.7	0.082102908
0.135	0.086	486	0.087248322
0.135	0.087	489.5	0.0950783
0.135	0.088	487	0.089485459
0.135	0.089	494.8	0.106935123
0.135	0.09	487.6	0.09082774
0.135	0.091	487.9	0.091498881
0.135	0.092	495.9	0.109395973
0.135	0.093	487.4	0.090380313
0.135	0.094	498.4	0.114988814
0.135	0.095	496	0.109619687
0.135	0.096	489.4	0.094854586
0.135	0.097	498.3	0.114765101
0.135	0.098	493.4	0.103803132
0.135	0.099	490.4	0.097091723
0.135	0.1	495.7	0.108948546
0.135	0.101	494.9	0.107158837
0.135	0.102	493.7	0.104474273
0.135	0.103	489.1	0.094183445
0.135	0.104	493.6	0.104250559
0.135	0.105	497.8	0.113646532
0.135	0.106	490	0.096196868
0.135	0.107	491	0.098434004
0.135	0.108	498.5	0.115212528
0.135	0.109	502.1	0.123266219
0.135	0.11	499	0.116331096
0.135	0.111	502.3	0.123713647
0.135	0.112	503.9	0.127293065
0.135	0.113	498.7	0.115659955
0.135	0.114	500.6	0.119910515
0.135	0.115	498.2	0.114541387
0.135	0.116	503.9	0.127293065
0.135	0.117	493.8	0.104697987
0.135	0.118	495.4	0.108277405
0.135	0.119	498.8	0.115883669
0.135	0.12	495.2	0.107829978
0.135	0.121	496.2	0.110067114
0.135	0.122	498.1	0.114317673
0.135	0.123	499.2	0.116778523
0.135	0.124	500.4	0.119463087
0.135	0.125	498.5	0.115212528
0.135	0.126	503	0.125279642
0.135	0.127	501.2	0.121252796
0.135	0.128	498.1	0.114317673
0.135	0.129	505.1	0.129977629
0.135	0.13	503.7	0.126845638
0.135	0.131	499.4	0.117225951
0.135	0.132	510.2	0.141387025
0.135	0.133	503.1	0.125503356
0.135	0.134	497.6	0.113199105
